,index,count,cum_sum,cum_percent
0,Beilagen,392064,392064,9.036222885385005
1,Essen,143525,535589,12.344162123940146
2,Kuchen und Gebäck,104451,640040,14.75153060613017
3,Desserts,101317,741357,17.086667201376233
4,Salate,92722,834079,19.223707731439355
5,Hauptgerichte,84716,918795,21.176227365882394
6,Vegetarisch,81738,1000533,23.060110574250416
7,Beilage,78669,1079202,24.873260004369868
8,Gericht,74650,1153852,26.593780221461948
9,Angebote,71708,1225560,28.246493734218003
10,Essen 1,56634,1282194,29.55178431659969
11,Essen 2,54383,1336577,30.805194242468666
12,Brötchen,51067,1387644,31.982177577046578
13,Kürbiskernbrötchen,44532,1432176,33.008543368172425
14,Roggenbrötchen,43510,1475686,34.011354281041505
15,Käsebrötchen,42932,1518618,35.00084355043464
16,Mohnbrötchen,41603,1560221,35.959702258963524
17,Dessert,40651,1600872,36.89661943706145
18,Hauptessen,40568,1641440,37.8316236455945
19,Aktionsstand,40382,1681822,38.762340958476116
20,Mensa,39278,1721100,39.66761347136216
21,Baguettebrötchen,39155,1760255,40.57005110163999
22,Aktion,38784,1799039,41.46393798844105
23,Eintopf,37355,1836394,42.324889531769585
24,Essen 3,35794,1872188,43.14986341858263
25,Urknacker,35394,1907582,43.9656181749625
26,Vorspeisen,33599,1941181,44.74000208352348
27,Suppen,33329,1974510,45.508163079042056
28,Tellergericht,31311,2005821,46.229813561525255
29,Bagels,30891,2036712,46.9417839570536
30,Pastateller,30871,2067583,47.6532933960603
31,Wahlmenü (Beilage),28685,2096268,48.31442028724967
32,Pasta,28024,2124292,48.960312565398205
33,Sesambrötchen,27695,2151987,49.598622108765454
34,Buffet,27689,2179676,50.23679336517621
35,Hauptkomponenten,27608,2207284,50.873097747674244
36,Hauptgericht,27393,2234677,51.504446847564445
37,Laugengebäck,27260,2261937,52.13273058658561
38,Vegan,25837,2287774,52.72821726909075
39,Wahlmenü (Gemüse),25835,2313609,53.32365785594371
40,Wahlessen 1,25524,2339133,53.911930568884884
41,Beliebt und gerne gegessen,24476,2363609,54.47604916009112
42,Menü 1,24141,2387750,55.03244672955957
43,Snacks,23709,2411459,55.57888763816019
44,Croissants,23136,2434595,56.11212214241529
45,Wahlessen 2,22746,2457341,56.63636799449803
46,Tagesangebot,22059,2479400,57.14477999006178
47,Essen 4,22014,2501414,57.652154833451796
48,Aus dem Suppentopf und Süßes,21980,2523394,58.158746050755006
49,Nachspeisen,21979,2545373,58.665314220232126
50,Fleisch,21133,2566506,59.152383928843065
51,Campus Spezial,20839,2587345,59.63267757658562
52,Auswahlessen 1,20242,2607587,60.09921167215666
53,Gemüse,20158,2627745,60.56380975033673
54,Angebot 1,19974,2647719,61.02416702851754
55,Pasta-Bar pro 100g,19264,2666983,61.468160350179446
56,Mittagessen,18711,2685694,61.89940822401749
57,Sättigungsbeilage,18622,2704316,62.328604841334155
58,Vegetarisches Menü,18414,2722730,62.75300751082556
59,Angebot 2,17913,2740643,63.16586321944941
60,Tigerbrötchen,16753,2757396,63.55198344981705
61,Mehrkornbrötchen,16680,2774076,63.93642118888062
62,Auswahlessen 2,16534,2790610,64.3174939453361
63,Wahlmenü (Dessert),16458,2807068,64.69681506700925
64,Dinkelbrötchen,16322,2823390,65.07300168433513
65,Gemüsebeilage,16120,2839510,65.44453264079225
66,Fleischgericht,15774,2855284,65.80808904942468
67,Wahlmenü (Komponente mit Fleisch),15652,2870936,66.16883362327498
68,Wahlmenü (Komponente ohne Fleisch),15651,2886587,66.52955514929921
69,Vegetarisches Gericht,15271,2901858,66.8815185014119
70,Pizza,15174,2917032,67.23124621439457
71,Angebot 3,15158,2932190,67.58060516215988
72,Gut und günstig,15135,2947325,67.92943400992532
73,Wahlmenü (Salat),15094,2962419,68.27731789682133
74,Linie 4/5,14791,2977210,68.61821829241423
75,Tagesgericht 1,14769,2991979,68.9586116358333
76,Wok,14700,3006679,69.29741467925263
77,Gersterling,14630,3021309,69.63460437484615
78,Klassiker,14157,3035466,69.96089244870245
79,Essen I,13668,3049134,70.27591013560419
80,Essen II,13258,3062392,70.58147821381192
81,Gemüsebeilagen,13174,3075566,70.88511027462867
82,Pasta-Teller,12980,3088546,71.18427105718534
83,Grill,12568,3101114,71.47393613539583
84,Salatbuffet,12446,3113560,71.76078937882421
85,Schneller Teller,12216,3125776,72.0423416222535
86,Suppe,12202,3137978,72.32357119611764
87,Aktionen,12130,3150108,72.6031413265038
88,Essen 5,12124,3162232,72.88257316993347
89,Sättigungsbeilagen,11886,3174118,73.15651963075538
90,Smoothie,11871,3185989,73.43012037418607
91,Wahlmenü (Suppe),11798,3197787,73.7020386263127
92,Angebot 4,11659,3209446,73.97075323061378
93,Hauptbeilagen,11071,3220517,74.2259157131781
94,WOK 2 Aktion,10792,3231309,74.47464785226528
95,Empfehlung des Tages,10398,3241707,74.71429914787578
96,Imbissangebot,9917,3251624,74.94286443914037
97,Gut & Günstig,9911,3261535,75.17129144344847
98,Tagesgericht,9875,3271410,75.39888872601759
99,Essen 6,9379,3280789,75.61505428684956
100,Cafeteria Heiße Theke,9131,3289920,75.82550398681296
101,Self-Service,8846,3298766,76.02938505634272
102,Gemüse-Bar pro 100g,8747,3307513,76.23098439109026
103,Menü 2,8707,3316220,76.43166181279449
104,Menü I,8564,3324784,76.62904339536885
105,L6 Update,8510,3333294,76.82518039533474
106,Dessertauswahl,8464,3341758,77.02025719530083
107,Tagesgericht 4,8414,3350172,77.21418160396276
108,Menü,8388,3358560,77.40750676914652
109,Linie 2,8253,3366813,77.59772047780909
110,Nebenbeilage,7859,3374672,77.77885334299498
111,Geflügel,7697,3382369,77.95625246035543
112,Tagesgericht 3,7581,3389950,78.13097802989026
113,Schwein,7381,3397331,78.3010940342085
114,Pasta Buffetpro 100g,7262,3404593,78.46846734722287
115,Linie 3,7259,3411852,78.63577151675901
116,Querbeet,7054,3418906,78.79835088194811
117,Tagessuppe,6978,3425884,78.95917861235493
118,Veganes Gericht,6965,3432849,79.11970672102267
119,Mittag Ausgabe A,6904,3439753,79.27882891229933
120,WOK,6874,3446627,79.43725966879353
121,Aktionstheke,6626,3453253,79.58997456441914
122,Fischgericht,6603,3459856,79.74215936004484
123,Essen 7,6405,3466261,79.88978068610612
124,B,6359,3472620,80.03634181216759
125,Salat,6229,3478849,80.17990672083828
126,Pizza Classics,6193,3485042,80.32264190776998
127,Sonnenblumenkernbrötchen,6105,3491147,80.46334888600637
128,Potatoebrötchen dunkel,6093,3497240,80.60377929032978
129,Cafeteria,5918,3503158,80.74017632508867
130,Gut & Günstig 1,5853,3509011,80.87507525115217
131,Potatoebrötchen hell,5789,3514800,81.00849911634634
132,"Cafeteria "" Snack it """,5725,3520525,81.14044792067122
133,E,5593,3526118,81.26935441195316
134,Beilagenauswahl,5435,3531553,81.39461934671398
135,Gemüse/Salat,5407,3536960,81.51923894234449
136,"Pasta, Suppen & Co.",5340,3542300,81.64231433362743
137,Tagesessen,5268,3547568,81.76373028143239
138,Hauptkomponente,5170,3552738,81.88288754228124
139,Vorspeise,5153,3557891,82.00165299008667
140,Mittagsangebot,5153,3563044,82.12041843789211
141,Mittag Ausgabe B,5047,3568091,82.23674081613274
142,Linie 1,4936,3573027,82.35050488567818
143,Aus dem Wok,4931,3577958,82.4641537160932
144,Sonstige,4915,3582873,82.57743378129088
145,Otto-Berndt-Halle,4910,3587783,82.69059860735815
146,WOK 1 Aktion,4860,3592643,82.80261104212128
147,mensaVital,4795,3597438,82.91312536818903
148,Essen 8,4739,3602177,83.02234901599611
149,GreenCorner,4693,3606870,83.13051246380338
150,Menü 3,4630,3611500,83.23722389856744
151,Zusatzangebot,4556,3616056,83.34222979420134
152,Täglich,4534,3620590,83.44672863766144
153,A+B,4527,3625117,83.55106614633895
154,Wahlessen,4505,3629622,83.65489660284263
155,Mittag Ausgabe C,4489,3634111,83.75835829412898
156,Wahlessen 3,4381,3638492,83.85933082019838
157,Speisenangebot,4308,3642800,83.95862085496371
158,FRIENDS,4215,3647015,84.05576744190334
159,SÜSSE ECKE,4214,3651229,84.1528909810169
160,Menü II,4200,3655429,84.24969185056527
161,Curry Queen,4191,3659620,84.3462852896789
162,Pizza des Tages,4130,3663750,84.44147281140148
163,Tagesgericht 2,4091,3667841,84.53576146790682
164,QUEERBEET,4084,3671925,84.62988878962958
165,Tagesgericht 2 (Vegetarisch),4044,3675969,84.72309419830903
166,Self-Service Arcisstraße,4032,3680001,84.81602303307547
167,EVERGREENS,4030,3684031,84.90890577218975
168,Menü II vegetarisch,3975,3688006,85.00052088086947
169,Aktionsessen 4,3937,3691943,85.09126017215804
170,Aktions-Theke,3887,3695830,85.18084707214246
171,Free Flow,3869,3699699,85.27001911125738
172,MEER,3804,3703503,85.35769304167692
173,Front Cooking,3792,3707295,85.44509039818347
174,Mittag Ausgabe D,3778,3711073,85.53216508512484
175,Burger Classics,3763,3714836,85.61889405467498
176,Bistro,3758,3718594,85.7055077850947
177,Suppenstation,3744,3722338,85.79179884594924
178,Rind,3689,3726027,85.87682227636925
179,Abendangebot,3645,3729672,85.96083160244159
180,Komplettmenü,3604,3733276,86.04389596764453
181,Classic 1,3602,3736878,86.12691423719532
182,VEGAN,3588,3740466,86.20960983718093
183,Cafeteria Pizza & Co,3583,3744049,86.29219019803614
184,Extra Essen,3537,3747586,86.37371035889153
185,Essen 9,3461,3751047,86.45347888496461
186,Ciabattabrötchen,3344,3754391,86.530550815386
187,MUNTER,3328,3757719,86.60725398059003
188,Schnitzelbar,3328,3761047,86.6839571457941
189,Kornspitz,3323,3764370,86.76054507186774
190,zur Pizza,3318,3767688,86.83701775881096
191,Classic 2,3229,3770917,86.9114391892328
192,Special,3191,3774108,86.98498480226348
193,"Vegan, Eintopf, Suppe",3166,3777274,87.0579542196421
194,Menü vegetarisch,3122,3780396,87.12990953267305
195,Tagesmenü,3112,3783508,87.20163436744319
196,Mittag Ausgabe A2,3044,3786552,87.27179195003968
197,Vital - Essen,3016,3789568,87.34130419350586
198,Heimspiel,3006,3792574,87.41058595871121
199,Terrine,2968,3795542,87.4789919065254
200,zur Pasta,2957,3798499,87.54714432825267
201,Aufläufe & Gratin,2887,3801386,87.61368340215414
202,Pastabar,2877,3804263,87.67999199779479
203,Wellenreiterbrötchen,2876,3807139,87.74627754560935
204,D,2825,3809964,87.81138765429367
205,Marktrestaurant,2818,3812782,87.87633642819543
206,Essen B,2798,3815580,87.94082424557551
207,Food Angebot im Schlüters,2775,3818355,88.00478196295569
208,Bio,2749,3821104,88.06814043685772
209,Mensacafé,2731,3823835,88.13108404989025
210,Aktionsessen 5,2720,3826555,88.19377413683587
211,Rind Schwein,2720,3829275,88.25646422378148
212,Pommes & Co,2705,3831980,88.31880859333586
213,Gericht mit Fleisch oder Fisch,2682,3834662,88.38062286289032
214,Angebot,2676,3837338,88.4422988454883
215,Tagesaktion,2616,3839954,88.5025919585213
216,Sprintmenü,2602,3842556,88.56256240198913
217,Beilage 3,2576,3845132,88.6219336019788
218,Essen C,2565,3847697,88.68105127588156
219,Ausgabe 2,2559,3850256,88.74003066282782
220,Dessertbuffet,2514,3852770,88.79797289760035
221,Essen 10,2502,3855272,88.85563855845989
222,Wok & Grill,2484,3857756,88.91288935844993
223,Auflauf,2472,3860228,88.96986358452698
224,Essen A,2440,3862668,89.02610028016937
225,Beilage 2,2417,3865085,89.08180687581186
226,MA(h)l was anderes,2381,3867466,89.13668374971536
227,Essen V,2372,3869838,89.19135319318411
228,Otto B.,2338,3872176,89.24523901056605
229,Fisch MSC Fisch,2306,3874482,89.29838729751333
230,Suppe & Co,2275,3876757,89.35082110185203
231,WOK-Pfanne Premium,2259,3879016,89.40288614097341
232,Sonstiges,2255,3881271,89.45485898879046
233,Ausgabe 1,2241,3883512,89.50650916704235
234,[Kœri]werk,2227,3885739,89.55783667572908
235,Beilage 1,2221,3887960,89.6090258974593
236,Alternativ-Angebot,2205,3890165,89.6598463539722
237,A,2200,3892365,89.71055157135469
238,Suppe & Co.,2195,3894560,89.76114154960676
239,Dessert 1,2171,3896731,89.81117838003284
240,Fisch,2166,3898897,89.8610999713285
241,Mittag Ausgabe B2,2164,3901061,89.910975466972
242,Cafeteria ab 14:30,2156,3903217,89.96066658000684
243,Wok und Pfanne,2156,3905373,90.01035769304167
244,Grillstation,2153,3907526,90.05997966259827
245,CampusKlassiker,2112,3909638,90.10865667128544
246,Länder-Mensa,2089,3911727,90.15680357997273
247,Ausgabe 4,2074,3913801,90.20460477126876
248,Aktionsessen 6,2073,3915874,90.25238291473872
249,Fit & Vital,2068,3917942,90.30004581907825
250,Süßspeise,2036,3919978,90.34697119298313
251,MA(h)l mit Fleisch,2020,3921998,90.39352780167069
252,BLS Spezial,2017,3924015,90.44001526688
253,Vollkornbrötchen,2010,3926025,90.48634139730673
254,Hauptbeilage,1983,3928008,90.53204523642921
255,OMeGa-Suppenbar,1976,3929984,90.57758774076912
256,Ofenkartoffel,1971,3931955,90.6230150059786
257,Eintopf / Suppe,1951,3933906,90.66798131466643
258,HEIMSPIEL,1927,3935833,90.71239447552828
259,Gemüsegarten,1911,3937744,90.75643887117279
260,Nudeltheke,1906,3939650,90.8003680276869
261,Bistro - Bistro,1900,3941550,90.8441588972445
262,Vegetaria,1885,3943435,90.88760404941085
263,Aktionsteller,1883,3945318,90.93100310592504
264,Pottkieker,1881,3947199,90.97435606678707
265,Tellergericht II,1879,3949078,91.01766293199692
266,Tellergericht I,1873,3950951,91.0608315102503
267,Restaurant,1867,3952818,91.10386180154715
268,Ausgabe 3,1860,3954678,91.14673075806144
269,Gut & Günstig 2,1853,3956531,91.18943837979315
270,StuBistro Self-Service,1823,3958354,91.23145456674236
271,Komplett Menü,1806,3960160,91.27307894064816
272,Bistro Gourmet Fleisch,1791,3961951,91.31435759716273
273,Bistro Gourmet Fisch,1787,3963738,91.35554406237296
274,CampusWorld,1777,3965515,91.39650004932236
275,Aktionsessen 3,1774,3967289,91.4373868927935
276,Vital Linie,1770,3969059,91.47818154496031
277,Fingerfood,1753,3970812,91.51858438408372
278,Mensagarten,1752,3972564,91.55896417538105
279,Tellergericht 2,1739,3974303,91.5990443449393
280,Campusteller,1726,3976029,91.63882489275846
281,Prima Klima,1724,3977753,91.67855934492547
282,Diverses,1687,3979440,91.7174410275274
283,MA(h)l vegetarisch,1683,3981123,91.75623051882499
284,"EG Nord, 11.30 - 14.30 Uhr",1675,3982798,91.79483562751393
285,Menü III,1671,3984469,91.83334854489856
286,Worldwide,1645,3986114,91.871262218805
287,Salate und Desserts,1644,3987758,91.90915284488537
288,Essen 11,1634,3989392,91.9468129927049
289,Mittag 1,1632,3991024,91.98442704487228
290,MA(h)l vegan,1604,3992628,92.02139575790932
291,CampusSpezial,1594,3994222,92.05813399268554
292,Food Angebot im Café ZessP,1581,3995803,92.09457260572268
293,Meisterwerk,1570,3997373,92.13075769267292
294,Menü 2 vegetarisch,1548,3998921,92.16643572744931
295,Menü vegan/vegetarisch,1538,4000459,92.20188328396489
296,Late Lunch vegetarisch,1520,4001979,92.23691597961097
297,Schwein Fisch,1510,4003489,92.27171819699622
298,Late Lunch,1506,4004995,92.30642822307715
299,Wok & Pfanne,1501,4006496,92.34102301002764
300,Beilagen ,1483,4007979,92.37520293610866
301,Food Angebot im Café Mittelweg,1464,4009443,92.4089449534941
302,Salate & Desserts,1459,4010902,92.44257173174911
303,Cafeteria Tagesgericht,1453,4012355,92.47606022304764
304,Cafeteria Menü,1450,4013805,92.50947957086791
305,WOK-Pfanne,1446,4015251,92.54280672738386
306,Tagesangebot 1,1437,4016688,92.57592645346506
307,QUERBEET,1433,4018121,92.60895398824192
308,Pasta- und Gemüsetheke,1422,4019543,92.64172799693188
309,Tagesangebot 8,1415,4020958,92.67434067083926
310,Beilagen: Suppen,1404,4022362,92.7066998186597
311,Theke,1387,4023749,92.73866715343675
312,Beilage 4,1386,4025135,92.77061144038771
313,"Pfanne, Wok & Co.",1368,4026503,92.8021408664692
314,Beilagen: Dessert,1363,4027866,92.83355505342024
315,Tagesaktion 1,1359,4029225,92.86487704906698
316,Linie 5,1352,4030577,92.89603770993112
317,Flammengrill,1341,4031918,92.92694484470836
318,Tagesmenü vegetarisch,1336,4033254,92.95773674035517
319,Sandwich,1336,4034590,92.988528636002
320,Studitopf,1327,4035917,93.01911310121407
321,[pizza]werkPasta,1319,4037236,93.04951318381748
322,Information,1318,4038554,93.0798902185948
323,Stärkebeilage 1,1312,4039866,93.11012896641563
324, Tagessalat ,1309,4041175,93.1402985707582
325,CampusVital,1299,4042474,93.17023769683996
326,Gemüsebar,1298,4043772,93.20015377509563
327,Dessert 2,1296,4045068,93.23002375769912
328,Speiseplan,1292,4046360,93.2598015489983
329,Frisches aus Wok und Pfanne,1287,4047647,93.28946410116706
330,Smoothies,1285,4048932,93.31908055768365
331,Essen 1 Vegetarisch,1276,4050208,93.34848958376548
332, Dessert 2 ,1274,4051482,93.37785251419515
333,Tellergericht 1,1270,4052752,93.4071232533205
334,Aktionsessen,1265,4054017,93.43627875331542
335,Tagesaktion 2,1264,4055281,93.46541120548427
336, Dessert 1 ,1264,4056545,93.49454365765311
337,Abendgericht,1259,4057804,93.52356087069155
338,Abendgericht vegetarisch,1248,4059052,93.55232455764308
339,C,1237,4060289,93.58083471850767
340,Ofenfrisch,1232,4061521,93.60922964024188
341, Gemüsebeilage 1 ,1226,4062747,93.63748627501957
342,Essen 1 vegetarisch,1223,4063970,93.66567376631902
343,Stamm II,1214,4065184,93.69365382718371
344,Veganer renner,1213,4066397,93.72161084022233
345,Kleine Theke,1211,4067608,93.74952175760878
346, Stärkebeilage 1 ,1210,4068818,93.77740962716915
347,[kœri]werk,1191,4070009,93.80485958803393
348,Angebot 5,1177,4071186,93.83198687933356
349,Süße Spezial Tagesangebot,1152,4072338,93.85853797498113
350,Alternativ,1141,4073479,93.88483554454177
351,Vegetarische Theke,1138,4074617,93.91106397062417
352,Food Angebot im Café dell’Arte,1138,4075755,93.93729239670657
353,Stamm I Vegetarisch,1134,4076889,93.96342863148462
354,Beilagen: Salat,1129,4078018,93.98944962713227
355,Mensa Klassiker,1128,4079146,94.01544757495384
356, Eintopf Mensa ,1120,4080266,94.04126114016674
357,kombinierBAR,1114,4081380,94.06693641842314
358,Aktionsessen 8,1114,4082494,94.09261169667955
359,Mittag 2,1101,4083595,94.11798735319688
360,Nordmensa-Fit,1095,4084690,94.14322472275771
361,Mensa vital,1086,4085776,94.16825466188378
362,Tellergericht vegetarisch,1085,4086861,94.19326155318379
363,Vegetarisch Vegan,1079,4087940,94.21813015752728
364,ESSEN I,1070,4089010,94.24279133143604
365,MG Nord 11:30 - 14:15 Uhr,1069,4090079,94.2674294575187
366,Pasta - 3 Gerichte zur Wahl,1065,4091144,94.29197539229705
367,Links,1055,4092199,94.31629084881456
368,[pizza]werkSalate / Vorspeisen,1052,4093251,94.34053716185382
369,[pizza]werkPizza,1039,4094290,94.364483853154
370,Dessert vorport.,1036,4095326,94.38836140097594
371,ESSEN II,1034,4096360,94.41219285314571
372,Pastatheke,1030,4097390,94.43593211401115
373,Pizza I,1030,4098420,94.45967137487658
374,Salat-/ Gemüsebuffet 100g,1028,4099448,94.48336454008985
375,Bowl,1019,4100467,94.50685027486837
376,Pasta I,1018,4101485,94.53031296182081
377,Wahlbuffet Salat,1004,4102489,94.5534529792081
378,"Snacks, Salate (€/1kg)",1003,4103492,94.57656994876929
379,Wahlbuffet Gemüsetheke,1000,4104492,94.59961777485223
380,Wahlbuffet Pastatheke,998,4105490,94.62261950528303
381,Aktionsessen 2,996,4106486,94.64557514006164
382,Beilagen: Warme speisen,992,4107478,94.66843858353592
383,Große Theke,989,4108467,94.69123288353197
384,Suppe/ Eintopf,988,4109455,94.71400413570191
385,Mensa Spezial,984,4110439,94.73668319656753
386,Salatbeilage,983,4111422,94.75933920960708
387,Klassik,982,4112404,94.78197217482052
388, Hauptgericht KM 1 ,975,4113379,94.80444380525141
389,Self-Service Grüne Mensa,971,4114350,94.82682324437795
390,Attraktiv,969,4115319,94.84915658785232
391,Wahlbuffet Schnitzel,968,4116287,94.87146688350062
392,Tagsangebot 2,962,4117249,94.89363889219241
393,Angebot des Tages,954,4118203,94.91562651827554
394,Menü 3 mit drei Beilagen,953,4119156,94.93759109653259
395,Veganes Gericht Premium,946,4120102,94.95939434000707
396,Heute am Aktionsstand,946,4121048,94.98119758348153
397,Tagesaktion .,942,4121990,95.00290863565168
398,Wochenangebot Kaffeebar,934,4122924,95.02443530521315
399,[pizza]werkPizza11-14 UhrTo-Go,930,4123854,95.04586978347028
400,Stamm III,929,4124783,95.06728121390134
401,Stärkebeilage 2,925,4125708,95.08860045302808
402,Turm 2b,922,4126630,95.10985054867655
403,Gabel / Grill,918,4127548,95.1310084530207
404,Ökobeilage,915,4128463,95.15209721388659
405,Wahlbuffet Dessert,914,4129377,95.17316292692641
406,Burger des Tages,901,4130278,95.19392901822714
407,Saison-Angebot,900,4131178,95.2146720617018
408,MA(h)l dazu,887,4132065,95.23511548343737
409,Tagesdessert,883,4132948,95.25546671386861
410,Grillteller,882,4133830,95.27579489647377
411,Wahlbuffet Wok,871,4134701,95.29586955299202
412,[kœri]werk11-14 UhrTo-Go,870,4135571,95.31592116168419
413,Vegetarisch oder Vegan,864,4136435,95.33583448341986
414,Menüvorschlag / Theke 1 + 6,861,4137296,95.35567866167727
415,WOK 2 - mit Fleisch/Fisch,854,4138150,95.37536150515211
416,Info,847,4138997,95.39488301384436
417,Abendessen,842,4139839,95.4142892834062
418,"Aufläufe, Gratin",840,4140679,95.43364945731588
419,Süße Versuchung,839,4141518,95.45298658339948
420,Wahlbuffet Gemüsebuffet vegan,837,4142355,95.47227761383091
421,Essen 12,830,4143185,95.49140730947975
422,Sonderausgabe,822,4144007,95.51035262251993
423,Menü 2 mit drei Beilagen,820,4144827,95.52925183990796
424,WORLDWIDE,815,4145642,95.54803581816556
425,Pizzastation,814,4146456,95.56679674859708
426,Bio - Essen,812,4147268,95.58551158337643
427,Beilage 5,803,4148071,95.60401898772103
428,Ökoessen,802,4148873,95.62250334423956
429,Angebot im GOURMED,797,4149670,95.64087246162768
430,täglich im Angebot,797,4150467,95.65924157901578
431,Gemüse ,796,4151263,95.67758764857781
432,Kuchen,793,4152056,95.6958645746616
433, Hauptgericht HK 2 ,790,4152846,95.71407235726713
434,Tagesangebot 3,779,4153625,95.73202661378573
435,Info 1,778,4154403,95.74995782247827
436,Aktionsessen 7,777,4155180,95.76786598334472
437,Spätausgabe und Abendessen,770,4155950,95.78561280942859
438,Menü 1 mit drei Beilagen,767,4156717,95.80329049203421
439,Pizza II,763,4157480,95.8208759833355
440, Stärkebeilage 2 ,762,4158242,95.8384384268107
441,Tellergericht Schnitzel,756,4158998,95.85586258332941
442,[pizza]werkPizza11-14 Uhr,755,4159753,95.87326369202204
443,Burger der Woche,755,4160508,95.89066480071466
444,...Frühstück...,753,4161261,95.90801981375513
445,Gut und Günstig,750,4162011,95.92530568331735
446,Gemüsbeilagen,742,4162753,95.94240717027088
447,Salattheke,736,4163489,95.95937037026793
448,Mensa Vital,733,4164222,95.97626442678674
449,xXx cafete⁵⁵ xXx,732,4164954,95.99313543547946
450,Tagesangebot / Theke 2,731,4165685,96.00998339634609
451,[pizza]werk Pizza 11-14 Uhr,727,4166412,96.0267391659084
452,Komponente 2,726,4167138,96.04347188764461
453,Mittag Ausgabe C2,725,4167863,96.06018156155474
454,Burger Classic,721,4168584,96.07679904416055
455,Tellergericht 3,718,4169302,96.0933473832881
456,Mensacafé (Abendessen),714,4170016,96.10980353111134
457,xXx Cafeteria StrNa xXx,712,4170728,96.1262135832824
458,StuBistro Eintopf,706,4171434,96.14248534849696
459,Beilagen vorport.,703,4172137,96.15868797023327
460,Spezialitätenbuffet,693,4172830,96.17466011370875
461,Standard,692,4173522,96.19060920935816
462,Green Corner,688,4174210,96.20646611370323
463,CampusCurry,687,4174897,96.22229997022221
464,Vollwert  &  Co. Stärke,686,4175583,96.23811077891511
465,Biogericht 2,685,4176268,96.25389853978193
466,Al dente,685,4176953,96.26968630064874
467,natürlich fit,685,4177638,96.28547406151557
468,Heiße Theke,684,4178322,96.30123877455631
469,Salatbar,680,4179002,96.3169112962927
470,mensaVital Vegan,680,4179682,96.33258381802912
471,Tellergericht 4,679,4180361,96.34823329193944
472,Pasta und Gratins,668,4181029,96.36362923976284
473,Med by you,664,4181693,96.37893299628193
474,Kartoffeln und Co.,660,4182353,96.39414456149667
475,Rechts,657,4183010,96.40928698323317
476,Mitte,655,4183665,96.42438330931749
477,Beilage 1 ,653,4184318,96.43943353974966
478,Menüvorschlag vegetarisch / Theke 1 + 6,653,4184971,96.45448377018184
479,Studentenfutter,649,4185620,96.46944180930966
480,Fitnesscenter,649,4186269,96.48439984843749
481,Stammessen,649,4186918,96.49935788756532
482,Linie 4,649,4187567,96.51431592669316
483,[kœri]werk11-14 Uhr,646,4188213,96.52920482234275
484,Menu 2,618,4188831,96.54344837886201
485,Turm Vegan Kombi,618,4189449,96.55769193538127
486,Tagesangebot - Nur solange der Vorrat reicht,608,4190057,96.57170501363971
487,Abendessen 1,608,4190665,96.58571809189813
488,Wahlbuffet Grill,607,4191272,96.59970812233048
489,Vital-Linie,607,4191879,96.61369815276284
490,Classic Express,607,4192486,96.62768818319518
491,Grillgericht I,605,4193091,96.64163211797538
492,Turm 3a,604,4193695,96.65555300492947
493,Cafeteria belegte Brötchen,600,4194295,96.66938170057924
494,Wahlbuffet Aktionstheke,599,4194894,96.68318734840292
495,MG Nord 14:30-21:00,597,4195491,96.69694690057445
496,Abendessen 2,595,4196086,96.7106603570938
497,Classic 3,593,4196679,96.72432771796099
498,Aktionstheke - WOK/Grill,592,4197271,96.7379720310021
499,"Veganes Wochenangebot, pro 100g",587,4197858,96.75150110491279
500,xXx Cafeteria Ring xXx,586,4198444,96.76500713099739
501,Theke 1 - Eintopf,583,4199027,96.77844401360375
502,Theke 1 - Vegetarisch,583,4199610,96.7918808962101
503,Theke 3 - Empfehlung des Tages,582,4200192,96.80529473099038
504,Salat Büffet,576,4200768,96.81857027881416
505,Gourmet,575,4201343,96.83182277881185
506,Tellergericht   ,574,4201917,96.84505223098347
507,Front Cooking/ Wok,570,4202487,96.85818949185075
508,Menü II Vegetaria,570,4203057,96.87132675271803
509,Gabel,559,4203616,96.88421048749841
510,Beilagenbuffet,555,4204171,96.89700203097443
511,WOK/Grill,553,4204724,96.90974747879831
512,Vegetaria**,552,4205276,96.9224698787961
513,Menüvorschlag,551,4205827,96.9351692309678
514,WOK 1 - vegan,543,4206370,96.94768420053083
515,Schwein Geflügel,543,4206913,96.96019917009387
516,Frontcooking,540,4207453,96.97264499617867
517,Aktion Lahnberge,540,4207993,96.98509082226346
518,Leichte Küche,537,4208530,96.99746750487
519,Schnitzel- Woche,536,4209066,97.00982113965047
520,Menu 3,536,4209602,97.02217477443092
521,Turm vegetarisch,531,4210133,97.03441317008097
522,Salatbuffet / Theke 3,530,4210663,97.04662851790494
523,Dauer-Spezial,524,4211187,97.0587055787724
524,Regionale Linie,524,4211711,97.07078263963986
525,Fleischlos Abend,523,4212234,97.08283665268125
526,Fleischgericht Abend,521,4212755,97.09484457007046
527,Vollwert  &  Co. Gemüse,519,4213274,97.10680639180751
528,Grüne Mensa,515,4213789,97.11867602224024
529,xXx Cafeteria SB xXx,509,4214298,97.13040736571645
530,Linie 1To-Go,508,4214806,97.14211566136659
531,Essen I Drehkreuz/Ampel,507,4215313,97.15380090919065
532, Dessert 3 ,505,4215818,97.16544006136253
533,Essen Mittagsmensa Bu,505,4216323,97.17707921353443
534,Essen II Drehkreuz/Ampel,504,4216827,97.18869531788023
535,Spaghetteria Spaghetteria,504,4217331,97.20031142222604
536,Turm vegetarisch Kombi,500,4217831,97.21183533526751
537,Abend,497,4218328,97.22329010483072
538,Linie 1Gut & Günstig,497,4218825,97.23474487439395
539,Baustellenteller,496,4219321,97.2461765961311
540,fertig 2,494,4219815,97.25756222221608
541,Grillgericht II,489,4220304,97.26883260917064
542,WICHTIG,489,4220793,97.2801029961252
543,Beilagen Mensen,488,4221281,97.29135033525368
544,[kœri]werk 11-14 Uhr,486,4221767,97.30255157872999
545,fertig 1,486,4222253,97.3137528222063
546,Last-Minute,481,4222734,97.32483882655221
547, Gemüsebeilage 2 ,477,4223211,97.33583263959376
548,Sattmacher,475,4223686,97.34678035698316
549,zzzGemüsebeilagen,473,4224159,97.35768197872041
550,Geflügel Vegetarisch,469,4224628,97.36849140915331
551,Veganes Tagesangebot .,468,4225096,97.37927779176012
552,Fleisch Und Fisch,465,4225561,97.3899950308887
553,Schalter 3: Länder-Mensa,464,4226025,97.40068922219119
554,Topf Und Pfanne,464,4226489,97.41138341349367
555,MSC Fisch,464,4226953,97.42207760479616
556,Pasta II,459,4227412,97.43265655696824
557,Essen III,456,4227868,97.44316636566207
558,Komponente 1  ,455,4228323,97.4536531265298
559,Tagesmenü vegan,454,4228777,97.46411683957146
560,Menüvorschlag vegetarisch,451,4229228,97.47451140913486
561,Pasta-Theke,451,4229679,97.48490597869828
562,Essen Abendmensa MeCampNo,440,4230119,97.49504702217477
563,Turm Leichte Küche,439,4230558,97.50516501782519
564,Wokgericht,438,4230996,97.51525996564952
565,Stärkebeilage 3,433,4231429,97.52523967434344
566,Kochtöpfe der Welt,431,4231860,97.53517328738519
567,Menu 1,430,4232290,97.54508385260085
568,Komponente 3,426,4232716,97.55490222651218
569,Tellergericht Everyday,424,4233140,97.56467450477136
570,Schneller Teller 1,423,4233563,97.57442373520445
571,Foodhopper Standort Kaiser-Friedrich-Str. 142,423,4233986,97.58417296563753
572,Turm Vegan,419,4234405,97.59383000476629
573,Dessert 3,419,4234824,97.60348704389504
574,Theke 2 - Gericht mit Fleisch oder Fisch,418,4235242,97.61312103519771
575,Cafeteria HeiĂe Theke,416,4235658,97.62270893084822
576, Schneller Teller ,409,4236067,97.63213549171616
577,Fertig 2,407,4236474,97.64151595693191
578,Fertig 1,407,4236881,97.65089642214767
579,Beilagentheke,406,4237287,97.66025383953735
580,Cafeteria11-14 Uhr,404,4237691,97.66956516127486
581,Linie 6,403,4238094,97.67885343518628
582,Themenpark,403,4238497,97.68814170909772
583,nudelBAR,399,4238896,97.69733779170481
584,Komponentenessen,395,4239291,97.70644168300757
585,MEISTERWERK | MG Süd Restaurant,392,4239683,97.7154764308321
586,Tagesessen (vegetarisch),388,4240071,97.72441898735228
587,Theke rechts -  (Eintopf/Süßspeise),386,4240457,97.7333154482203
588,Pfanne,386,4240843,97.74221190908831
589,Linie 2To-Go,386,4241229,97.75110836995633
590,Theke links -  (Vegetarisches Gericht),386,4241615,97.76000483082434
591,Theke links und rechts -  (Gericht mit Fleisch oder Fisch),386,4242001,97.76890129169237
592, Hauptgericht KM 3 (Aktion) ,385,4242386,97.7777747047343
593,Pasta & Co.,381,4242767,97.7865559264719
594,Aktionsessen 9,381,4243148,97.7953371482095
595,Cafeteria Mittagessen,377,4243525,97.80402617864277
596,An der Pizzatheke,374,4243899,97.8126460655978
597,Low Carb Teller,374,4244273,97.82126595255282
598,MG Nord 11.30 - 14.15 Uhr,371,4244644,97.8298166960296
599,Essen 01,370,4245014,97.8383443916803
600,"Veganes Wochenangebot,pro 100gSelbstbedienung",369,4245383,97.84684903950489
601,Komponente 1,366,4245749,97.85528454385125
602,Schneller Teller 2,365,4246114,97.86369700037153
603,Abendessen vegetarisch,364,4246478,97.87208640906573
604,Heiße Theke - Pastabar,363,4246841,97.88045276993384
605,Hinweis,361,4247202,97.88877303514978
606,Abendkarte (ab 16:00),361,4247563,97.89709330036573
607,[KĹri]werk,360,4247923,97.90539051775559
608,Mediterran I,360,4248283,97.91368773514544
609,Bayerisch-Schwäbisch I,359,4248642,97.92196190470922
610,MG Nord 11:30 - 14:30 Uhr,358,4249000,97.93021302644692
611,Essen 13,358,4249358,97.93846414818461
612,Dessert's,357,4249715,97.94669222209623
613,Cafeteria11-14 UhrTo-Go,355,4250070,97.95487420035568
614,Cafeteria süß,355,4250425,97.96305617861512
615,ab 14:00 Uhr,355,4250780,97.97123815687456
616,Fit & Vital Komplettangebot,353,4251133,97.97937403948185
617,Pizza III,351,4251484,97.98746382643697
618,Salat & Dessert I,350,4251834,97.99553056556599
619,GRILL,350,4252184,98.00359730469502
620,Pasta III,350,4252534,98.01166404382406
621, Hauptgericht KM 2 ,347,4252881,98.01966163947485
622,Empore Fleisch,346,4253227,98.02763618729954
623,Tagesaktion ..,346,4253573,98.03561073512425
624,Grillwurst,344,4253917,98.04353918729677
625,Tellergericht  ,343,4254260,98.05144459164322
626,Extra an Essen II,342,4254602,98.0593269481636
627,QUERBEET | MG Nord 11.30 - 14.15 Uhr,340,4254942,98.06716320903179
628,MEISTERWERK,335,4255277,98.07488423076958
629,Meal 1,334,4255611,98.08258220468129
630,Meal 2,334,4255945,98.09028017859299
631,Nachschub-Essen,334,4256279,98.0979781525047
632,Vegetarian counter,333,4256612,98.10565307859032
633,Abend Ausgabe B2,332,4256944,98.11330495684986
634,"Pan, Wok & Co.",327,4257271,98.12084159597899
635,Linie 1 Gut & Günstig,324,4257595,98.12830909162986
636,Mittagsangebot Cafeteria,324,4257919,98.13577658728073
637,Ausgabe rechts,323,4258242,98.14322103510553
638,Ausgabe links,322,4258564,98.15064243510425
639,Süß & Salzig,322,4258886,98.15806383510295
640,Cafeteria 11-14 Uhr,321,4259207,98.16546218727558
641,Menü Vegetarisch,321,4259528,98.17286053944821
642,"Tagessuppe 1,00 Euro",319,4259847,98.18021279596866
643,Ausgabe Mitte,319,4260166,98.18756505248912
644,Vegan 1,318,4260484,98.19489426118349
645,Gericht 2,317,4260801,98.20220042205179
646,Gericht 1,316,4261117,98.209483535094
647,Saucen,316,4261433,98.21676664813621
648,Vegetarisch Fisch MSC Fisch,315,4261748,98.22402671335234
649,Schnitzel-/Burgerbar,313,4262061,98.23124068291631
650,EG Süd - 11:30 - 14:30 Uhr Ampelcounter,312,4262373,98.23843160465418
651,Warme Theke,311,4262684,98.24559947856598
652,Imbiss 1,311,4262995,98.25276735247778
653,Gut & GĂźnstig,309,4263304,98.2598891307374
654,Salat-buffet,309,4263613,98.26701090899704
655,"Weekly vegan dish, per 100g",309,4263922,98.27413268725668
656,Fleisch/Fisch,307,4264229,98.28120836986413
657,Toppings,306,4264535,98.28826100464552
658,Currywurst,303,4264838,98.29524449594865
659,Pizza 1,303,4265141,98.30222798725178
660,Pizza 2,302,4265443,98.30918843072884
661,Wochenangebot,300,4265743,98.31610277855373
662,D+E,300,4266043,98.3230171263786
663,Ökogemüse,299,4266342,98.32990842637741
664,Mittagsgericht Cafeteria Klinikum (zzgl. 5€ ReBowl-Pfand),298,4266640,98.33677667855014
665,Pasta 1,298,4266938,98.34364493072285
666,Side dishes,297,4267235,98.35049013506948
667,Pasta 2,297,4267532,98.35733533941612
668,Pizza 3,297,4267829,98.36418054376274
669,Casseroles & Gratins,296,4268125,98.3710027002833
670,"Pasta, soups & co.",296,4268421,98.37782485680385
671,Mittag Ausgabe D2,295,4268716,98.38462396549833
672,Schnitzel-/ Burgerbar,292,4269008,98.39135393071454
673,Bistro Aktionsgericht,290,4269298,98.3980378002786
674,Aktionsteller Fisch,289,4269587,98.40469862201657
675,VEGETARISCH,286,4269873,98.4112903002763
676,Snackangebote / Theke 5,285,4270158,98.41785893070994
677,Imbiss 7,285,4270443,98.42442756114357
678,Mensa kulinarisch,285,4270728,98.43099619157721
679,Suppe / Eintopf,284,4271012,98.43754177418478
680,Front-Cooking,284,4271296,98.44408735679234
681,Suppenangebot vegetarisch,283,4271579,98.4506098915738
682,EXTRA,283,4271862,98.45713242635527
683,Fast Lane,282,4272144,98.46363191331066
684,Beilagen SB,282,4272426,98.47013140026606
685,ESSEN 2,281,4272707,98.47660783939537
686,ESSEN 1,281,4272988,98.48308427852469
687,WOK Gericht,281,4273269,98.48956071765399
688,TÄGLICH,281,4273550,98.4960371567833
689,Aktionsteller Vegan,280,4273830,98.50249054808651
690,Beilagen & Co.,280,4274110,98.50894393938975
691,Imbiss 2,280,4274390,98.51539733069298
692,Veganes Angebot,279,4274669,98.52182767417011
693, EXPRESS MENÜ ,279,4274948,98.52825801764726
694,Komponente 2  ,277,4275225,98.53464226547224
695,Fraunhofer-Campus,277,4275502,98.54102651329721
696,Bioangebot,276,4275778,98.5473877132961
697,Tipp des Tages,276,4276054,98.55374891329501
698,Grillstation.,275,4276329,98.56008706546781
699,Salat- und Pastabuffet,273,4276602,98.56637912198846
700,Wok und Grill,272,4276874,98.57264813068302
701,Restaurant MG Süd 11.30 - 14.15 Uhr: Frisch aus dem Wok,272,4277146,98.57891713937758
702,Grill III,270,4277416,98.58514005241997
703,Pasta pro Portion oder nach Gewicht (pro 100g),270,4277686,98.59136296546237
704,Schalter 2: Mensa Spezial,270,4277956,98.59758587850477
705,Burger Station,270,4278226,98.60380879154717
706,Eintopf 1,268,4278494,98.6099856089374
707,Kreuz & Quer,267,4278761,98.61613937850154
708,?,266,4279027,98.6222701002396
709,Portion Pommes,265,4279292,98.62837777415159
710,zZz Dinner⁵⁵ zZz,264,4279556,98.63446240023748
711,Abend Ausgabe D,261,4279817,98.64047788284513
712,Doppelausgabe-1,261,4280078,98.64649336545278
713,Grillstation..,256,4280334,98.65239360893003
714,Wohnheim Kaiser-Friedrich-Str.142,255,4280589,98.65827080458118
715,Dessertbeilage,253,4280842,98.66410190458016
716,Ofen,253,4281095,98.66993300457915
717,Suppenangebot Suppenküche,250,4281345,98.67569496109988
718,Aktionsmenü,249,4281594,98.68143386979453
719,x Abendessen x,248,4281842,98.68714973066311
720,Vegane Linie,246,4282088,98.69281949587952
721,Pizza Point,244,4282332,98.69844316544375
722,Hipp & Tipp,244,4282576,98.70406683500799
723,Pizza Steinofen,243,4282819,98.70966745674615
724,Allerleitheke,240,4283059,98.71519893500606
725,Pizza Steinofen Margherita,240,4283299,98.72073041326595
726,Vegetarisch oder Vegan  ,239,4283538,98.72623884369979
727,Beliebt & Gern Gegessen,236,4283774,98.73167813065537
728,HEIMSPIEL | MG Nord ab 14:30 Uhr,236,4284010,98.73711741761093
729,Pastabuffet,235,4284245,98.74253365674043
730,Asia-Theke,235,4284480,98.74794989586992
731,Wochenhit/Pastateller,234,4284714,98.75334308717333
732,Fish MSC,232,4284946,98.75869018282457
733,Imbiss,231,4285177,98.76401423064974
734,Beilagen (3 je Menü),231,4285408,98.76933827847489
735,Burgergericht,230,4285638,98.77463927847397
736,Express,227,4285865,98.7798711349948
737,Restaurant MG Süd 11.30 - 14.15 Uhr: Vom Grill,226,4286091,98.78507994368955
738,QUERBEET | MG Nord 11.30 - 14.30 Uhr,224,4286315,98.79024265673213
739,Beilagen Gemüse/Sättigung,224,4286539,98.79540536977471
740,Wok/Grill,223,4286762,98.8005450349912
741,"Grill Beilagen 2,50",223,4286985,98.8056847002077
742,Tagesmenü 2,223,4287208,98.8108243654242
743,Mediterran II,222,4287430,98.81594098281462
744,Veggie-Grillwurst,220,4287650,98.82101150455287
745,Bayerisch-Schwäbisch II,219,4287869,98.82605897846504
746,Nudelbüffet,217,4288086,98.83106035672503
747,Abend Ausgabe C,217,4288303,98.83606173498504
748,Fraunhofer Campus,217,4288520,98.84106311324503
749,xxX Cafeteria Snack Xxx,215,4288735,98.84601839585287
750,Ökodessert,215,4288950,98.85097367846069
751,Asia I,215,4289165,98.85592896106853
752, Bediensteten-Menü ,214,4289379,98.86086119585028
753,Speisenangebot 1,214,4289593,98.86579343063204
754,"HEIMSPIEL | EG Nord, 11.30 - 14.30 Uhr",213,4289806,98.8707026175877
755,Nudeltheke (Preis pro 100g) Bitte extra Pasta-Teller verwenden,212,4290018,98.87558875671729
756,"Asia Beilagen 0,75",212,4290230,98.88047489584687
757,"Mediterran Beilagen 0,65",211,4290441,98.88533798715038
758,Tagessuppe 1 ,210,4290651,98.8901780306278
759,Wochenhit,210,4290861,98.89501807410521
760,Auswahlgericht,210,4291071,98.89985811758262
761,Pasta am Grill,210,4291281,98.90469816106005
762,Grill I,210,4291491,98.90953820453747
763,Wahlessen nur To Go,209,4291700,98.91435520018881
764,Schalter 4: Grüne Mensa,209,4291909,98.91917219584015
765,Speisenangebot 2,209,4292118,98.92398919149147
766,RoKo-Menü,208,4292326,98.92878313931674
767,Pasta Ii,207,4292533,98.93355403931591
768,Aktion 1,207,4292740,98.93832493931507
769,Wahlbuffet,207,4292947,98.94309583931424
770,Pizza Iii,206,4293153,98.94784369148734
771,Pizza Ii,206,4293359,98.95259154366042
772, Dessertbeilage CL ,206,4293565,98.95733939583351
773, Gemüsebeilage CL ,205,4293770,98.9620642001805
774,Essen W,204,4293974,98.96676595670144
775,Tagessuppe 2,202,4294176,98.97142161757019
776,Belegte Brötchen,201,4294377,98.97605423061286
777,Aus Topf und Pfanne,201,4294578,98.98068684365553
778,Cafeteria Süß,201,4294779,98.9853194566982
779,Salat Special,200,4294979,98.98992902191479
780,Wahlbuffet (3),198,4295177,98.9944924914792
781,Heiße Theke - Suppe,198,4295375,98.99905596104365
782,Aktionsessen 1,196,4295571,99.0035733349559
783,Pizza (1),196,4295767,99.00809070886815
784, Stärkebeilage CL ,196,4295963,99.01260808278042
785,Foodhopper,196,4296159,99.01712545669268
786,Grillstation 1,195,4296354,99.02161978277884
787,Wahlbuffet Wok (vegan),195,4296549,99.02611410886503
788,Tagesaktion 3,195,4296744,99.03060843495119
789,"Hausgemachte Pasta, heute",194,4296938,99.03507971321129
790,Rind Vegetarisch,194,4297132,99.03955099147139
791,Wok & Grill 1,193,4297325,99.04399922190538
792,Steaks am Grill,192,4297517,99.04842440451331
793,Bratwurst,191,4297708,99.05282653929515
794,Wok & Grill 2,190,4297898,99.05720562625092
795,Bio-Menü Alle Menükomponenten auch einzeln erhältlich,190,4298088,99.06158471320668
796,Gut & GĂźnstig 1,184,4298272,99.06582551320594
797,Foodhopper Stahnsdorfer Straße 140-156,184,4298456,99.0700663132052
798,Highlight,183,4298639,99.07428406537838
799,Wurstbeilage,183,4298822,99.07850181755157
800,Salatteller,182,4299004,99.08269652189865
801,Pasta Buffet  pro 100g,182,4299186,99.08689122624575
802,Aktion der Woche,179,4299365,99.09101678711461
803,Gut & GÃ¼nstig,179,4299544,99.09514234798345
804,Aktionsschalter Garching,177,4299721,99.09922181320013
805,Tellergericht vegan,175,4299896,99.10325518276466
806,Ofenfrisch mit Foto 1,175,4300071,99.10728855232917
807,Tagesaktion.,174,4300245,99.1112988740676
808,Vegetarisch MSC Fisch,173,4300418,99.11528614797996
809,Komponente 4,173,4300591,99.1192734218923
810,"Asia Beilagen 0,65",173,4300764,99.12326069580465
811,Wild,172,4300936,99.12722492189093
812,Restaurant MG Süd 11.30-14.15 Uhr: Pizza,171,4301107,99.1311661001511
813,Hamburger,171,4301278,99.13510727841128
814,Falafel-Teller,171,4301449,99.13904845667147
815,Linie 2 Vegane Linie,170,4301619,99.14296658710558
816,"Dessert 1,10",170,4301789,99.14688471753968
817,Pastaria/WOK,170,4301959,99.15080284797378
818,Theke 2 - Klassiker,167,4302126,99.15465183492962
819,Cafeteria HeiÃŸe Theke,166,4302292,99.15847777405939
820,Linie 1BOOK A MENSA,166,4302458,99.16230371318916
821,mensaVital vegan,165,4302623,99.16610660449285
822,Speisenangebot 3,165,4302788,99.16990949579653
823,Grillstation 2,165,4302953,99.17371238710022
824,[KÅ“ri]werk,163,4303116,99.17746918275174
825,Suppentopf,163,4303279,99.18122597840326
826,Dessert vegan,162,4303441,99.18495972622871
827,Tierisch,162,4303603,99.18869347405413
828,Abendbrot,161,4303764,99.1924041740535
829,Bio-Gericht,160,4303924,99.19609182622676
830,zZz Hinweis zZz,160,4304084,99.19977947840005
831,Hauptgericht 1,160,4304244,99.2034671305733
832,Mensa klassisch,159,4304403,99.2071317349205
833,Auswahlgericht veget.,159,4304562,99.21079633926769
834,"Grill Beilagen 0,75",158,4304720,99.2144378957888
835,Menüvorschlag vegetarisch /  Theke 1 + 6,157,4304877,99.21805640448382
836,"Bio Dessert 1,20",156,4305033,99.22165186535275
837,Tagesgericht Lahnberge,156,4305189,99.2252473262217
838,Biogericht 4,156,4305345,99.22884278709063
839,Info 2,155,4305500,99.23241520013349
840,[pizza]werk Salate / Vorspeisen,155,4305655,99.23598761317635
841,Ofenfrisch mit Foto 2,153,4305808,99.23951393056704
842,Pasta (1),153,4305961,99.24304024795774
843,Heute am Aktionsstand (WOK) 1,152,4306113,99.24654351752234
844,Tagesangebot 5,151,4306264,99.25002373926087
845, Hauptgericht HK 1 ,151,4306415,99.2535039609994
846,Schöpfgericht,151,4306566,99.25698418273792
847,Menükomponente,150,4306716,99.26044135665035
848,...Frühstück⁵⁵...,149,4306865,99.26387548273672
849,Buffet 3 (Preis pro 100g),149,4307014,99.26730960882307
850,Beilagen Standard A,148,4307162,99.27072068708335
851,Tagesaktion 6,148,4307310,99.27413176534363
852,Pizza vegan,147,4307457,99.27751979577782
853, Hauptgerichte ,147,4307604,99.28090782621202
854,Schwein Vegetarisch,146,4307750,99.28427280882013
855,Dessert SB,145,4307895,99.28761474360216
856,Angebot des Tages 1,145,4308040,99.29095667838418
857,Tagesangebot Cafeteria,145,4308185,99.2942986131662
858,xPastateller,145,4308330,99.29764054794823
859,Nudelbuffet,145,4308475,99.30098248273026
860,Biogericht 6,144,4308619,99.30430136968621
861,Pasta (2),142,4308761,99.30757416098999
862,Nudeltheke nach Gewicht (Preis pro 100g) Bitte extra Pasta-Teller verwenden,141,4308902,99.31082390446768
863,Tagesgericht 2 (Vegetarisch/Vegan),141,4309043,99.31407364794538
864,Pastatheke..,141,4309184,99.31732339142307
865,Veggie Spezial,140,4309324,99.3205500870747
866,Angebot zum Oktoberfest,140,4309464,99.3237767827263
867,Hauptgericht 2,140,4309604,99.32700347837792
868,Live Cooking,139,4309743,99.33020712620345
869,Pastatheke.,138,4309881,99.33338772620289
870,Angebot d. Tages veget.,138,4310019,99.33656832620234
871,"Hausgemachte frische Pasta, heute",137,4310156,99.3397258783757
872,Burger am Grill,137,4310293,99.34288343054907
873,Heiße Theke - Eintopf,137,4310430,99.34604098272243
874,Pizza (2),136,4310566,99.3491754870697
875,An der Desserttheke,136,4310702,99.35230999141699
876,veganes Angebot,135,4310837,99.35542144793818
877,Mensa Asia,134,4310971,99.3585098566333
878,Wahlbuffet Tagestipp,134,4311105,99.36159826532842
879,Salatbuffet  /  Theke 3,131,4311236,99.36461753054529
880,Tagesangebot 4,131,4311367,99.36763679576215
881,Empore Veggie,131,4311498,99.37065606097902
882,Essen Mensa feelgood,131,4311629,99.3736753261959
883,Gemüsebüffet,131,4311760,99.37669459141276
884,Heute am Aktionsstand (WOK),130,4311890,99.37969080880353
885,Vegetarisches Menü nur To Go,128,4312018,99.38264093054215
886,Speisenangebot.,127,4312145,99.38556800445468
887,Tagesgericht .,127,4312272,99.38849507836723
888,Doppelausgabe-2,127,4312399,99.39142215227974
889,Veganes Angebot - vegane Küche,126,4312525,99.3943261783662
890,"Mediterran Beilagen 0,90",125,4312650,99.39720715662658
891,Grillstation...,125,4312775,99.40008813488694
892,Komplettmenü nur To Go,124,4312899,99.40294606532123
893,Aktionsessen 10,124,4313023,99.40580399575552
894,Biogericht 1,124,4313147,99.40866192618981
895,Pfannengericht,122,4313269,99.41147376097192
896,Abend Ausgabe B,122,4313391,99.41428559575404
897,Abendangebot Ausgabe rechts,121,4313512,99.41707438271007
898,Abendangebot Ausgabe Mitte,121,4313633,99.41986316966612
899,Vegetarische Bratwurst,120,4313753,99.42262890879606
900,Schneller Teller 1 - Menü,120,4313873,99.42539464792601
901,Hauptgericht 4,120,4313993,99.42816038705598
902,Schneller Teller 2 - Menü,119,4314112,99.43090307835985
903,Burger,118,4314230,99.43362272183764
904,Einfachausgabe,116,4314346,99.43629626966325
905,Biogericht 5,116,4314462,99.43896981748888
906,Essen 14,115,4314577,99.44162031748841
907,Pizza (3),114,4314691,99.44424776966187
908,Menü vegan,114,4314805,99.44687522183533
909,fertig 3,114,4314919,99.44950267400878
910,QUERBEET | EG Süd - 11:30 - 14:30 Uhr Ampelcounter,114,4315033,99.45213012618224
911,"Grill Beilagen 0,65",113,4315146,99.4547345305296
912,Schalter 1: Mensa Spezial,113,4315259,99.45733893487699
913,Sommersalate,113,4315372,99.45994333922435
914,Linie 5 To-Go,112,4315484,99.46252469574564
915,Tagesaktion ...,111,4315595,99.46508300444086
916,Grill Wok,111,4315706,99.46764131313606
917,Snackangebote  /  Theke 5,111,4315817,99.47019962183127
918,Pizza Pasta,110,4315927,99.4727348827004
919,Wahlbuffet Tagesgemüse vegan,110,4316037,99.47527014356952
920,Gut & GÃ¼nstig 1,110,4316147,99.47780540443864
921,Vegetarisch Fisch,109,4316256,99.48031761748169
922,Querbeet Vegan St,109,4316365,99.48282983052472
923,Tagesgericht ..,109,4316474,99.48534204356777
924,Linie 2BOOK A MENSA,108,4316582,99.48783120878473
925,Sprinter,107,4316689,99.49029732617561
926,BIO Pasta Bistro 36,106,4316795,99.4927403957404
927,Pommes (Beilage),104,4316899,99.49513736965302
928,Cafeteria Angebot,104,4317003,99.49753434356565
929,Mittagessen 1,103,4317106,99.4999082696522
930,Vegetarische Menükomponente,102,4317208,99.50225914791265
931,Döner,102,4317310,99.50461002617311
932,Grilltheke,99,4317409,99.50689176095531
933,Vegan/Vegetarisches Menü,99,4317508,99.50917349573754
934,Streetfood,98,4317606,99.51143218269365
935,Vegetarisch 1,97,4317703,99.51366782182372
936,Biogericht 3,95,4317798,99.51585736530158
937,StuBistro Gericht 1,95,4317893,99.51804690877947
938,Tagesgericht ....,94,4317987,99.52021340443127
939,Tagesgericht ...,94,4318081,99.52237990008307
940,Pizzatag,94,4318175,99.52454639573486
941,Steak am Grill,93,4318268,99.52668984356058
942,Turm 2b Kombi,93,4318361,99.52883329138629
943,Oktoberfest-Beilagen,93,4318454,99.53097673921201
944,Ausgabe 1 Mensaessen To-Go an Ausgabe 1,93,4318547,99.53312018703771
945,Ausgabe 1 Mensaessen To-Go an Ausgabe 1 Fleischlose Alternative,93,4318640,99.53526363486344
946,Dessert Mensen Preis 1,92,4318732,99.53738403486307
947,Tagessuppe campus vita,92,4318824,99.53950443486269
948,vegetarisch,91,4318915,99.54160178703624
949,Auswahlgericht vegan,90,4319005,99.5436760913837
950,Vegetarische Kost  ,89,4319094,99.54572734790509
951,Mensa vegetarisch,89,4319183,99.54777860442647
952,Mensa klassisch / Theke 1 + 6,89,4319272,99.54982986094785
953,Aktionsbeilage Gemüse 3,89,4319361,99.55188111746924
954,Weihnachtsaktion,89,4319450,99.55393237399062
955,Mensa Salat,88,4319538,99.55596058268593
956,Wok- Woche,87,4319625,99.55796574355513
957,Mensa Buffet,87,4319712,99.55997090442436
958,Beilagen Standard B,87,4319799,99.56197606529356
959,Ökoessen V,85,4319884,99.56393513051061
960,Westend ist geöffnet,84,4319968,99.56587114790159
961,Abend Ausgabe A,84,4320052,99.56780716529255
962,Essen 02,83,4320135,99.56972013485745
963,Angebot 6,83,4320218,99.57163310442233
964,Schnelle Theke,82,4320300,99.57352302616113
965,"Grill Beilagen 0,8",82,4320382,99.57541294789993
966,Tellergericht 4 b,82,4320464,99.57730286963873
967,Wok mit,81,4320545,99.57916974355145
968,Wok ohne,81,4320626,99.58103661746416
969,Brat mit,81,4320707,99.58290349137688
970,Heute am Aktionsstand (WOK) 2,80,4320787,99.58474731746352
971,A+B+E,80,4320867,99.58659114355017
972,Pizza & Pasta - Theke,79,4320946,99.58841192181072
973,Brat ohne,79,4321025,99.59023270007127
974,Beilagen Gem./Sätt./Salat,78,4321103,99.59203043050573
975,WORLDWIDE | EG Süd - 11:30 - 14:30 Uhr Ampelcounter,78,4321181,99.5938281609402
976,Linie 2vegane Linie,77,4321258,99.59560284354859
977,Aktion Mensa,77,4321335,99.59737752615698
978,StuBistro Gericht 2,77,4321412,99.59915220876536
979, Hauptgericht HK 3 (Aktion) ,76,4321488,99.60090384354767
980,Vegetarische Kost,76,4321564,99.60265547832996
981,QUERBEET | MG Nord ab 14:30 Uhr,76,4321640,99.60440711311229
982,Falafel Teller,76,4321716,99.60615874789458
983,Mensa Aktion,76,4321792,99.60791038267689
984,Antipasti,76,4321868,99.60966201745919
985,Extra,75,4321943,99.6113906044154
986,Tellergericht III,75,4322018,99.61311919137164
987,Komponente 3  ,75,4322093,99.61484777832786
988,Mensa Salat / Theke 3,74,4322167,99.61655331745798
989,Geflügel Vegan,74,4322241,99.61825885658813
990,STUDY&FIT,74,4322315,99.61996439571827
991,Fisch-Aktion,74,4322389,99.6216699348484
992,Mittagessen 2,73,4322462,99.62335242615245
993,Mensa vegan,72,4322534,99.62501186963043
994,Fit &amp; Vital,72,4322606,99.6266713131084
995,Auszeit Fleisch,71,4322677,99.6283077087603
996,Extratheke,71,4322748,99.62994410441219
997,Mediterran,71,4322819,99.63158050006408
998,Abendmensa 1,71,4322890,99.63321689571596
999,Grillstation....,70,4322960,99.63483024354177
1000,Gut & GĂźnstig 2,70,4323030,99.63644359136758
1001,Angebot 10,69,4323099,99.6380338913673
1002,Angebot 12,69,4323168,99.63962419136703
1003,Angebot 8,69,4323237,99.64121449136675
1004,Angebot 11,69,4323306,99.64280479136647
1005,Angebot 7,69,4323375,99.64439509136619
1006,Angebot 13,69,4323444,99.64598539136593
1007,Vegetarisch oder vegan,69,4323513,99.64757569136565
1008,Angebot 9,69,4323582,99.64916599136536
1009,Spargelaktion,68,4323650,99.65073324353901
1010,Abend - Burger-Dinner,67,4323717,99.65227744788656
1011,Burger Auszeit,67,4323784,99.65382165223411
1012,Oktoberfest-Angebot,66,4323850,99.65534280875559
1013,zzz Pasta-Teller NEU,66,4323916,99.65686396527707
1014,Nordmensa-Fit Kombi,66,4323982,99.65838512179855
1015,Kartoffeltheke,65,4324047,99.65988323049393
1016,Komponente 5,65,4324112,99.66138133918932
1017,Buffet vegetarisch/vegan je 100g,65,4324177,99.6628794478847
1018,Auszeit vegan,65,4324242,99.6643775565801
1019,Abend - Get your Bowl,64,4324306,99.66585261744942
1020,Restaurant MG Süd 11.30 - 14.15 Uhr: Teppanyaki Grill,64,4324370,99.66732767831873
1021,Beilagen 1,64,4324434,99.66880273918804
1022,Vitalmenü,64,4324498,99.67027780005733
1023,Linie 2Vegane Linie,64,4324562,99.67175286092666
1024,Aktuelles,64,4324626,99.67322792179596
1025,Fisch am Grill,63,4324689,99.67467993483919
1026,Angebot des Tages 2,63,4324752,99.67613194788241
1027,Vegan 10,63,4324815,99.67758396092565
1028,xEssen 2,63,4324878,99.67903597396887
1029,Ausgabe,63,4324941,99.68048798701209
1030,Salat- und Pastabar,62,4325003,99.68191695222923
1031,"HEIMSPIEL | EG Nord, 11.30 - 14.15 Uhr",62,4325065,99.68334591744637
1032,SpĂ¤tausgabe und Abendessen,61,4325126,99.68475183483744
1033,Heute am Aktionsstand (WOK) .,60,4325186,99.6861347044024
1034,kombinierBar (täglich wechselnd),60,4325246,99.68751757396738
1035,xxx Foodautomat xxx,60,4325306,99.68890044353238
1036,Angebot 14,59,4325365,99.69026026527126
1037,Salatbuffet / Salatteller,59,4325424,99.69162008701016
1038,WORLDWIDE | MG Nord ab 14:30 Uhr,59,4325483,99.69297990874905
1039,Wok & Grill 3,59,4325542,99.69433973048794
1040,SB-Theke,58,4325600,99.69567650440075
1041,Suppe & Co ,58,4325658,99.69701327831356
1042,Abend - Schnitzel satt,58,4325716,99.69835005222637
1043,Aktionsangebot,57,4325773,99.6996637783131
1044,Hauptkomponente 1,56,4325829,99.70095445657374
1045,Abendmensa 5,56,4325885,99.70224513483438
1046,Abend 1,56,4325941,99.70353581309503
1047,Tellergericht Vegan,56,4325997,99.70482649135567
1048,Mensa vegetarisch / Theke 1 + 6,56,4326053,99.70611716961632
1049,Beilagen 2,55,4326108,99.70738480005089
1050,Pizza &amp; Pasta - Theke,55,4326163,99.70865243048546
1051,Wok am Grill,55,4326218,99.70992006092001
1052,Auszeit Salat,54,4326272,99.71116464352849
1053,Abendmensa 8,54,4326326,99.71240922613698
1054,xEssen 1,54,4326380,99.71365380874545
1055,Cafe,54,4326434,99.71489839135394
1056,Ausgabe 1 Mensaessen To-Go,54,4326488,99.7161429739624
1057,HEIMSPIEL | EG Süd - 11:30 - 14:30 Uhr Ampelcounter,54,4326542,99.71738755657088
1058,Ausgabe 1 Mensaessen To-Go Fleischlose Alternative,54,4326596,99.71863213917936
1059,Veggie: Feta Burger,53,4326649,99.71985367396177
1060,Extra: Crisp Cut Potatoes,53,4326702,99.72107520874415
1061,Veggie: Süßkartoffel Rucola-Burger,53,4326755,99.72229674352656
1062,Fleisch: Homestyle Burger,53,4326808,99.72351827830896
1063,Extra: Fry 'n Dip Pommes,53,4326861,99.72473981309135
1064,Fleisch: Schwoba Burger,53,4326914,99.72596134787375
1065,Veggie: Veganer Blumenkohl-Kartoffel-Burger,53,4326967,99.72718288265614
1066,Fleisch: crunchy Chicken Burger,53,4327020,99.72840441743854
1067,Fleisch: Jäger Burger,53,4327073,99.72962595222093
1068,Veggie: Chili con Quinoa-Burger,53,4327126,99.73084748700333
1069,Extra: Potato Wedges,53,4327179,99.73206902178573
1070,Fleisch: Big Steakhouse Burger,53,4327232,99.73329055656812
1071,Fleisch: Steakhouse Burger,53,4327285,99.73451209135052
1072,Veggie: mediterraner Frischkäse-Bruger,53,4327338,99.73573362613291
1073,Extra: Rustic Twist,53,4327391,99.73695516091531
1074,Extra: Twister Pommes,53,4327444,99.73817669569772
1075,Abend 2,53,4327497,99.7393982304801
1076,"Pasta - Buffet, Gratins, Back-kartoffel & Beilagen",53,4327550,99.74061976526251
1077,SpÃ¤tausgabe und Abendessen,52,4327602,99.74181825221882
1078,Abendmensa 2,52,4327654,99.74301673917513
1079,Bioessen (DE-ÖKO-006),52,4327706,99.74421522613144
1080,Heiße Theke - Süßspeise,51,4327757,99.74539066526167
1081,Suppenangebot,51,4327808,99.7465661043919
1082,"Dessert 0,80",50,4327858,99.74771849569605
1083,Focaccia Italia,50,4327908,99.7488708870002
1084,Wahlbuffet (2),49,4327957,99.75000023047826
1085,Lassi,49,4328006,99.75112957395632
1086,Blondie,49,4328055,99.75225891743439
1087,Tagesangebot 6,49,4328104,99.75338826091246
1088,Brownie,49,4328153,99.75451760439051
1089,Cafeteria Angebot von 8:00-16:30 Uhr,49,4328202,99.75564694786858
1090,Abend 5,49,4328251,99.75677629134665
1091,Rind Vegan,49,4328300,99.75790563482472
1092,Burger 2,48,4328348,99.75901193047669
1093,Abend 3,48,4328396,99.76011822612868
1094,Nudelbar,48,4328444,99.76122452178066
1095,Winterbowls,48,4328492,99.76233081743264
1096,Heimspiel Sozial,48,4328540,99.76343711308462
1097,Hauptkomponente 2,47,4328587,99.76452036091051
1098,mensaVital vegan 2,47,4328634,99.76560360873641
1099,Ma(h)l vegan,47,4328681,99.76668685656232
1100,KoeriWerk,47,4328728,99.7677701043882
1101,Vegane Küche,47,4328775,99.76885335221411
1102,MG Nord 11:30 - 15:00 Uhr,47,4328822,99.76993660004001
1103,Sommer Baguette,47,4328869,99.7710198478659
1104,Tellergericht Grill,47,4328916,99.7721030956918
1105,Spargel,47,4328963,99.77318634351771
1106,"Beilagen, Salate, Dessert",46,4329009,99.77424654351752
1107,Barley Bowl,46,4329055,99.77530674351733
1108,Tellergericht Pizza,46,4329101,99.77636694351716
1109,Vegeteran,46,4329147,99.77742714351697
1110,Heiße Theke Tagestipp,46,4329193,99.77848734351679
1111,Pasta nach Gewicht (pro 100g),46,4329239,99.7795475435166
1112,Fix und Fertig,46,4329285,99.78060774351641
1113,Lenzweck Sandwich,45,4329330,99.78164489569015
1114,Tellergericht    ,45,4329375,99.78268204786389
1115,Mensaessen To-Go,45,4329420,99.78371920003761
1116,Menüvorschlag vegan,45,4329465,99.78475635221135
1117,Mensaessen To-Go Fleischlose Alternative,45,4329510,99.78579350438508
1118,Gut & GÃ¼nstig 2,44,4329554,99.78680760873273
1119,Querbeet St,44,4329598,99.78782171308038
1120,Menseria,44,4329642,99.78883581742802
1121,mensaVital 2,44,4329686,99.78984992177567
1122,Abendaktion,43,4329729,99.79084097829724
1123,Komponente 2 pro Portion oder nach Gewicht (pro 100g),43,4329772,99.79183203481881
1124,Tipp,43,4329815,99.79282309134038
1125,Ramen,43,4329858,99.79381414786195
1126,Tellergericht Fleisch,43,4329901,99.79480520438351
1127,Abend - Grill-Diner,42,4329943,99.795773213079
1128,Leichte Küche Kombi,41,4329984,99.79671817394839
1129,"Abend - Pasta, Pasta",41,4330025,99.7976631348178
1130,Abendmensa 3,41,4330066,99.7986080956872
1131,Salat B,40,4330106,99.79953000873051
1132,Viva la Mexiko,40,4330146,99.80045192177384
1133,Menü 1 Tagestipp,40,4330186,99.80137383481716
1134,Abendangebot 15:00 - 18:00 Uhr,40,4330226,99.80229574786047
1135,Auswahlgericht 2,40,4330266,99.80321766090378
1136,Tagesgericht mit 2 Beilagen .,39,4330305,99.80411652612102
1137,Tagesgericht mit 2 Beilagen ...,39,4330344,99.80501539133826
1138,Tagesgericht mit 2 Beilagen ..,39,4330383,99.8059142565555
1139,Heimspiel St,39,4330422,99.80681312177273
1140,mensaVital-Aktion,39,4330461,99.80771198698997
1141,ab 14 Uhr,39,4330500,99.80861085220721
1142,Bistro Tagesgericht,39,4330539,99.80950971742443
1143,Tagesdessert ,39,4330578,99.81040858264166
1144,Ma(h)l mit Fleisch,38,4330616,99.81128440003282
1145,Vegan 2,38,4330654,99.81216021742398
1146,Tellergericht 4 c,38,4330692,99.81303603481513
1147,Dessert Mensen Preis 3,38,4330730,99.81391185220627
1148,Wahlbuffet Weihnachtsmarktbuffet,38,4330768,99.81478766959742
1149,Grill - Menü,38,4330806,99.81566348698858
1150,Beilagen + Desserts,37,4330843,99.81651625655364
1151,Grillgericht III,37,4330880,99.81736902611871
1152,Tellergericht Veggie,37,4330917,99.8182217956838
1153, Mensa Local ,37,4330954,99.81907456524885
1154,Cafeteria Pizza StraNa,37,4330991,99.81992733481393
1155,Wahlbuffet Sommer special,37,4331028,99.820780104379
1156,kombinierBar (wöchentlich wechselnd),36,4331064,99.82160982611799
1157,Ma(h)l vegetarisch,36,4331100,99.82243954785697
1158,Eintopf Einlage,36,4331136,99.82326926959595
1159,Imbiss 3,36,4331172,99.82409899133494
1160,Tellergericht spezial vegan,36,4331208,99.82492871307393
1161,xXx Cafeteria xXx,35,4331243,99.82573538698682
1162,Komponente 3 ,35,4331278,99.82654206089974
1163,Schalter 2: Grüne Mensa,35,4331313,99.82734873481263
1164,Vegetarisch/Vegan pro Portion oder nach Gewicht (pro 100g),35,4331348,99.82815540872554
1165,Pasta nach Gewicht (Preis pro 100 g)  ,35,4331383,99.82896208263844
1166,Worldwide St,35,4331418,99.82976875655135
1167,Türkische Woche,35,4331453,99.83057543046425
1168,Gemüsegarten ,34,4331487,99.83135905655107
1169,Eintopf.,34,4331521,99.8321426826379
1170,Abend 4,33,4331554,99.83290326089862
1171,Heute am Aktionsstand (WOK) ..,33,4331587,99.83366383915936
1172,Wahlbuffet Winterspecial,33,4331620,99.8344244174201
1173,Am Grill,33,4331653,99.83518499568083
1174,HEIMSPIEL | MG Nord 11.30 - 14.15 Uhr,33,4331686,99.83594557394157
1175,Angebot 15,33,4331719,99.83670615220231
1176,"Buntes aus unserer Salatwerkstatt, heute",32,4331751,99.83744368263696
1177,Auswahlgericht vegan 2,32,4331783,99.83818121307162
1178,Komponente 3 pro Portion oder nach Gewicht (pro 100g),32,4331815,99.83891874350628
1179,veganes Angebot - vegane Küche,31,4331846,99.83963322611484
1180,MensaVital pro Portion oder nach Gewicht (pro 100g),31,4331877,99.84034770872341
1181,Pasta zur Selbstentnahme,31,4331908,99.84106219133199
1182,Abendmensa 4,31,4331939,99.84177667394056
1183,HEIMSPIEL | MG Nord 11.30 - 14.30 Uhr,31,4331970,99.84249115654913
1184,"Mediterran Beilagen 0,75",31,4332001,99.8432056391577
1185,Aktion Erlenring,31,4332032,99.84392012176627
1186,Schnitzel-Burger-Bar,31,4332063,99.84463460437485
1187,Ma(h)l dazu,30,4332093,99.84532603915733
1188,Menü 2 mit drei Beilagen.,30,4332123,99.84601747393982
1189,Empfehlung des Tages - Coca-Cola Kombimenü,30,4332153,99.84670890872232
1190,Wok - Menü,30,4332183,99.8474003435048
1191,Heiße Theke Wok,30,4332213,99.84809177828728
1192,Linie 4/5 G&G-Gerichte To-Go,30,4332243,99.84878321306978
1193,MEISTERWERK | EG Süd - 11:30 - 14:30 Uhr Ampelcounter,30,4332273,99.84947464785226
1194,Aufläufe & Suppen,30,4332303,99.85016608263476
1195,zzzSättigungsbeilagen,29,4332332,99.85083446959115
1196,Wahlbuffet Herbst special,29,4332361,99.85150285654757
1197,American Way of Life,29,4332390,99.85217124350397
1198,Flammkuchen,29,4332419,99.85283963046038
1199, Stärkebeilage 3 ,29,4332448,99.85350801741679
1200,Dessert Mensen Preis 2,29,4332477,99.85417640437319
1201,Jubiläumsangebot,29,4332506,99.85484479132958
1202,Spätausgabe Abendessen,29,4332535,99.85551317828599
1203,Abendmensa 7,28,4332563,99.85615851741632
1204,Abendmensa 6,28,4332591,99.85680385654663
1205,Abend Ausgabe A2,28,4332619,99.85744919567696
1206,"Beilagen, Desserts",28,4332647,99.85809453480728
1207,Vegetarisch Wild,28,4332675,99.85873987393761
1208,Beilagen 3,28,4332703,99.85938521306792
1209,Angebot 4 in der Cafeteria,28,4332731,99.86003055219825
1210,Am Wok,27,4332758,99.86065284350249
1211,Biogericht 7,27,4332785,99.86127513480673
1212, Mensa Global ,27,4332812,99.86189742611099
1213,Tellergericht Pasta,27,4332839,99.86251971741521
1214,Fisch Vegan,27,4332866,99.86314200871945
1215,Abendmensa,27,4332893,99.86376430002369
1216,Burger 1,27,4332920,99.86438659132794
1217,Wok - mensaVital,27,4332947,99.86500888263217
1218,zzzVegetarisches Gericht,26,4332973,99.86560812611033
1219,Essen Abendmensa BuFra,26,4332999,99.8662073695885
1220,Info 3,26,4333025,99.86680661306664
1221,-,26,4333051,99.8674058565448
1222,Mensa Eintopf,26,4333077,99.86800510002296
1223,Aktion: Schwein,25,4333102,99.86858129567503
1224,FoodHopper,25,4333127,99.8691574913271
1225,Hausgemachte frische Pasta,25,4333152,99.86973368697917
1226,Salat Bowl,25,4333177,99.87030988263125
1227,Klimateller,25,4333202,99.87088607828333
1228,Hot Dog,25,4333227,99.87146227393539
1229,Vegetarisch 2,25,4333252,99.87203846958748
1230,Frisch aus dem Wok,25,4333277,99.87261466523954
1231, Mensa Fresh ,24,4333301,99.87316781306554
1232,In der Cafeteria,24,4333325,99.87372096089153
1233,Frische Pasta heute,24,4333349,99.87427410871751
1234,Grillstand vor dem Haus,24,4333373,99.87482725654351
1235, Hauptgericht KM 4 ,24,4333397,99.8753804043695
1236,Eintopf vegetarisch,24,4333421,99.87593355219549
1237,am Grill,23,4333444,99.8764636521954
1238,Komponente 2 ,23,4333467,99.8769937521953
1239,Grillecke,23,4333490,99.87752385219521
1240,Abendgericht 1,23,4333513,99.87805395219512
1241,xWOK 2 - mitFleisch/Fisch,23,4333536,99.87858405219502
1242,Mensa vegan / Theke 1 + 6,23,4333559,99.87911415219493
1243,Mensa Vital  ,23,4333582,99.87964425219485
1244,Pasta - Menü,23,4333605,99.88017435219476
1245,Spargelwoche,22,4333627,99.88068140436857
1246,Turm 2a,22,4333649,99.8811884565424
1247,mensaVital vegetarisch,22,4333671,99.88169550871623
1248,Express-Angebot / Theke 4,22,4333693,99.88220256089005
1249,Cafeteria Angebot von 8:00-15:30 Uhr:,22,4333715,99.88270961306388
1250,Cafeteria Angebot von 8:00-15:30 Uhr!,21,4333736,99.88319361741162
1251,Salat & Dessert III,21,4333757,99.88367762175936
1252,Asia II,21,4333778,99.8841616261071
1253,Asia III,21,4333799,99.88464563045486
1254,Frühstücksangebot,21,4333820,99.88512963480258
1255,Schalter 4: Mensa Spezial,21,4333841,99.88561363915032
1256,Salat & Dessert II,21,4333862,99.88609764349808
1257,Catch of the day,21,4333883,99.8865816478458
1258,Classic 4,21,4333904,99.88706565219356
1259,Bioessen,21,4333925,99.8875496565413
1260,Campus Cooking,21,4333946,99.88803366088904
1261,Nudeltheke nach Gewicht (Preis pro 100 g),21,4333967,99.88851766523678
1262,Vegane Aktion ..,21,4333988,99.88900166958452
1263,Tagesaktion...,21,4334009,99.88948567393227
1264,aus dem Wok,21,4334030,99.88996967828001
1265,Last-Minute ab 14.30 UHR,21,4334051,99.89045368262775
1266,Unser Angebot to go,21,4334072,99.89093768697549
1267,Menüvorschlag vegetarisch / Theke 1+6,21,4334093,99.89142169132323
1268,Ausgabe 1 Mensaessen To-Go an der Ausgabe 1 Fleischlose Alternative,20,4334113,99.89188264784488
1269,Pizza - Menü,20,4334133,99.89234360436654
1270,Tellergericht Wok,20,4334153,99.89280456088821
1271,zzzHauptkomponente,20,4334173,99.89326551740987
1272,An unserer Aktionstheke,20,4334193,99.89372647393152
1273,Schönes Wochenende,20,4334213,99.89418743045319
1274,Ausgabe 1 Mensaessen To-Go an der Ausgabe 1,20,4334233,99.89464838697485
1275,Mensa Vital   ,20,4334253,99.8951093434965
1276,Essen 15,19,4334272,99.89554725219207
1277,Freeflow,19,4334291,99.89598516088766
1278,Aktion 2,19,4334310,99.89642306958324
1279,am Wok,19,4334329,99.89686097827881
1280,Abendangebot - ab 15.00 Uhr,19,4334348,99.89729888697438
1281,Eintopf 2,19,4334367,99.89773679566996
1282,Bio Menü,19,4334386,99.89817470436554
1283,Weihnachtsmenü,19,4334405,99.8986126130611
1284,Cafeteria Angebot von 8:00-14:30 Uhr:,19,4334424,99.89905052175668
1285,Hauptkomponente 3,19,4334443,99.89948843045227
1286,Angebot im Foyer,19,4334462,99.89992633914784
1287,Aktion Speisesaal,19,4334481,99.90036424784341
1288,sonstiges,19,4334500,99.90080215653899
1289,Fisch Vegan MSC Fisch,19,4334519,99.90124006523456
1290,Tellergericht spezial vegetarisch,18,4334537,99.90165492610406
1291,Menü 2.,18,4334555,99.90206978697356
1292,Pasta Buffet pro 100g,18,4334573,99.90248464784305
1293,[pizza]werkPizza11:30-13:30 UhrTo-Go,18,4334591,99.90289950871254
1294,WOK-Gericht,18,4334609,99.90331436958203
1295,Eintopf / Suppen,18,4334627,99.90372923045152
1296,Komponente 4  ,18,4334645,99.90414409132103
1297,Eintopf (Tagesangebot),18,4334663,99.90455895219051
1298,"Beilagen, Salatbuffet,",18,4334681,99.90497381306001
1299,Lamm,17,4334698,99.90536562610342
1300,Angebot d. Tages vegan,17,4334715,99.90575743914683
1301,Heute am Aktionsstand ,17,4334732,99.90614925219023
1302,Aktionsbeilage Stärke 3,17,4334749,99.90654106523364
1303,xSchneller Teller,17,4334766,99.90693287827706
1304,Pastasoße,17,4334783,99.90732469132047
1305,Informationen,17,4334800,99.90771650436388
1306,Pastatheke 1,17,4334817,99.90810831740728
1307,Cafeteria Angebot von 8:00-15:00 Uhr!,17,4334834,99.90850013045069
1308,Spezialmenü,17,4334851,99.9088919434941
1309,mensaVital vegetarisch 2,16,4334867,99.90926070871143
1310,Pastatheke 2,16,4334883,99.90962947392876
1311,Sonderveranstaltungen,16,4334899,99.90999823914609
1312,Beilage Pommes,16,4334915,99.91036700436341
1313,Imbiss 4,16,4334931,99.91073576958074
1314,Heute am Aktionsstand (WOK) 3,16,4334947,99.91110453479807
1315,Cafeteria Angebot StraNa,16,4334963,99.9114733000154
1316,Pinsa,16,4334979,99.91184206523272
1317,Tellergericht Süßspeise,16,4334995,99.91221083045005
1318,Vegan pro Portion oder nach Gewicht (pro 100g),16,4335011,99.91257959566737
1319,Beilage Standard A,16,4335027,99.9129483608847
1320,In unserer Kühlvitrine,16,4335043,99.91331712610203
1321,Gut &amp; Günstig,16,4335059,99.91368589131936
1322,Brunchteller,16,4335075,99.91405465653669
1323,Ökoessen ,15,4335090,99.91440037392792
1324,Durch Deutschlands Regionen-Heute,15,4335105,99.91474609131917
1325,Sonderaktion,15,4335120,99.91509180871041
1326,Aktion: Fisch,15,4335135,99.91543752610166
1327,Im Erdgeschoss,15,4335150,99.91578324349291
1328,Wahlbuffet Hot dog trifft currywurst,15,4335165,99.91612896088415
1329,Wahlbuffet Fischwoche,15,4335180,99.91647467827539
1330,Wahlbuffet Spargelgala,15,4335195,99.91682039566663
1331,WM Aktion,15,4335210,99.91716611305789
1332,Weihnachtsessen,15,4335225,99.91751183044913
1333,Komponente 1 ,15,4335240,99.91785754784037
1334,Menü 2 Hamburger woche,15,4335255,99.91820326523163
1335,NUR KALKULATION!,15,4335270,99.91854898262285
1336,Schalter 1: Bio-Mensa,15,4335285,99.9188947000141
1337,"Aufläufe, Gratin & Co",15,4335300,99.91924041740535
1338,Wahlbuffet Asia-buffet,15,4335315,99.91958613479659
1339,Winterbowls 2,15,4335330,99.91993185218784
1340,AKTION,14,4335344,99.92025452175301
1341,Angebot zur russischen Woche,14,4335358,99.92057719131816
1342,Heute unser Pasta-Angebot,14,4335372,99.92089986088331
1343,Achtung,14,4335386,99.92122253044849
1344,Schnitzel,14,4335400,99.92154520001364
1345,Pasta nach Gewicht (Preis pro 100 g)   ,14,4335414,99.9218678695788
1346,Tagesaktion....,14,4335428,99.92219053914397
1347,Themenpark Komponeten,14,4335442,99.92251320870913
1348,MG Nord 11.30 - 14.30 Uhr,14,4335456,99.92283587827428
1349,xVeganes Gericht,14,4335470,99.92315854783945
1350,Heute in der Cafeteria!,14,4335484,99.92348121740461
1351,STUDY & FIT,14,4335498,99.92380388696978
1352,Heute am Aktionsstand.,14,4335512,99.92412655653493
1353,Aktion-Weltvegantag,14,4335526,99.9244492261001
1354,Tagespreis,14,4335540,99.92477189566526
1355,Jubiläumsangebot.,14,4335554,99.92509456523042
1356,Unser Angebot,13,4335567,99.9253941869695
1357,Frische Pasta,13,4335580,99.92569380870857
1358,In unserer Kühltheke,13,4335593,99.92599343044766
1359,Spaghetteria,13,4335606,99.92629305218674
1360,Ausgabe 1 -Poutine- canadian streetfood,13,4335619,99.92659267392581
1361,Suppe & Co 1,13,4335632,99.9268922956649
1362,Biogericht 8,13,4335645,99.92719191740397
1363,Tagesangebot 7,13,4335658,99.92749153914305
1364,Tagesangebot 2,13,4335671,99.92779116088212
1365,Ausgabe 1 -Poutine- canadian streetfood Fleischlose Alternative,13,4335684,99.9280907826212
1366,xXx Salatbar⁵⁵ xXx,12,4335696,99.9283673565342
1367,Angebot zum Weltvegantag,12,4335708,99.9286439304472
1368,Tagesangebot ,12,4335720,99.92892050436019
1369,Unser veganes Angebot,12,4335732,99.92919707827318
1370,Cafeteria Süffiges StraNa,12,4335744,99.92947365218618
1371,Cafeteria Salatbar StraNa,12,4335756,99.92975022609917
1372,Aktions-theke,12,4335768,99.93002680001217
1373,Wok &amp; Grill,12,4335780,99.93030337392517
1374,Komponente 7,12,4335792,99.93057994783815
1375,Tellergericht spezial,12,4335804,99.93085652175115
1376,Linie 2Gut & Günstig,12,4335816,99.93113309566415
1377,HEIMSPIEL | MG Nord 11.30 - 15.00 Uhr,12,4335828,99.93140966957714
1378,Pasta wahlweise mit,12,4335840,99.93168624349013
1379," Heute kein Angebot Mensa vital, dafür Ausgabe Asia Theke",12,4335852,99.93196281740315
1380,Wok-Gericht,12,4335864,99.93223939131613
1381,The good old Germany,12,4335876,99.93251596522913
1382,Fraunhofer,12,4335888,99.93279253914213
1383,Fintesscenter,12,4335900,99.93306911305511
1384,Vegetarisch Lamm,12,4335912,99.93334568696811
1385,Menü 1 mit drei Beilagen.,12,4335924,99.93362226088111
1386,zzz Veganes Gericht NEU,12,4335936,99.93389883479409
1387,La Dolce Vita,11,4335947,99.93415236088101
1388,Foodsaver-Aktion,11,4335958,99.93440588696792
1389,Aktons-Theke,11,4335969,99.93465941305485
1390,Ausgabe 1 Mensaessen-To-Go an der Ausgabe 1,11,4335980,99.93491293914175
1391,Weißwurst-Aktion,11,4335991,99.93516646522866
1392,Tagesaktion 7,11,4336002,99.93541999131558
1393,Tagesaktion.....,11,4336013,99.93567351740249
1394,"In der Mensa ""Fraunhofer-Campus""",11,4336024,99.9359270434894
1395,Suppe &amp; Co,11,4336035,99.93618056957632
1396,Komponente 2   ,11,4336046,99.93643409566323
1397,Bio-Menü Alle Menü kompo-nenten auch einzeln erhältlich,11,4336057,99.93668762175014
1398,Ausgabe 1 Mensaessen-To-Go an der Ausgabe 1 Fleischlose Alternative,11,4336068,99.93694114783706
1399,Am Grill auf der Terrasse,11,4336079,99.93719467392397
1400,Herbstfestangebot,11,4336090,99.93744820001088
1401,Aktionswoche Indische woche,10,4336100,99.93767867827171
1402,Linie 5 Vegane Linie,10,4336110,99.93790915653253
1403,"Grill Beilagen 0,90",10,4336120,99.93813963479337
1404,Wildwoche,10,4336130,99.93837011305419
1405,Querbeet Vegan,10,4336140,99.93860059131504
1406,zzz Fleischgericht NEU,10,4336150,99.93883106957585
1407,Aktion ..,10,4336160,99.93906154783669
1408,Aktionsstand ,10,4336170,99.93929202609752
1409,Topf und Pfanne,10,4336180,99.93952250435835
1410,Fleisch und Fisch,10,4336190,99.93975298261918
1411,Ausgabe 2/3,10,4336200,99.93998346088
1412,Aktion:,10,4336210,99.94021393914083
1413,Aktionswoche Streetfood-woche,10,4336220,99.94044441740166
1414,Komponente 2 - vegan,10,4336230,99.9406748956625
1415,QUERBEET | MG Nord 11.30 - 15.00 Uhr,10,4336240,99.94090537392331
1416,Mensa vegetarisch /  Theke 1 + 6,10,4336250,99.94113585218415
1417,Bio-Menü Alle Menü- kompo-nenten auch einzeln erhältlich,10,4336260,99.94136633044498
1418,Aktion der Woche :,10,4336270,99.94159680870581
1419,Weihnachtswoche,10,4336280,99.94182728696663
1420,Schwein MSC Fisch,10,4336290,99.94205776522746
1421,Aktion - Menü,10,4336300,99.94228824348829
1422,Schnitzel Burger,10,4336310,99.94251872174912
1423,HEIMSPIEL | EG Nord ab 14:30 Uhr,10,4336320,99.94274920000996
1424,xWOK 1 - vegan,10,4336330,99.94297967827079
1425,Cafeteria von 8:00-14:30 Uhr in der Mensa:,9,4336339,99.94318710870553
1426,Aktuelle Hinweise,9,4336348,99.94339453914029
1427,Cafereria Menü,9,4336357,99.94360196957503
1428,Weihnachtswochen,9,4336366,99.94380940000977
1429,Cafeteria Angebot von 8:00-15:00 Uhr,9,4336375,99.94401683044451
1430,Internationale Woche,9,4336384,99.94422426087927
1431,Imbissgericht,9,4336393,99.94443169131402
1432,Oktoberfest,9,4336402,99.94463912174876
1433,xWOK 2 Aktion,9,4336411,99.9448465521835
1434,Bio-Beilagen,9,4336420,99.94505398261825
1435,Food Hopper,9,4336429,99.945261413053
1436,Beilagen Mensen Preis 3,9,4336438,99.94546884348775
1437,Tellergericht 6,9,4336447,99.94567627392249
1438,Veganes Tagesangebot ..,9,4336456,99.94588370435724
1439,Cafeteria Angebot von 8:00 -14:30 Uhr :,9,4336465,99.94609113479198
1440,Gratin,9,4336474,99.94629856522673
1441,Cafeteria Angebot :,9,4336483,99.94650599566147
1442,Cafeteria Angebot 8:00 - 14:30 Uhr,9,4336492,99.94671342609622
1443,zzzPasta-Teller,9,4336501,99.94692085653098
1444,Foodhopper am IKMZ,9,4336510,99.94712828696571
1445,Angebot im ERDGESCHOSS,9,4336519,99.94733571740046
1446,Brunch '55,9,4336528,99.9475431478352
1447,Schneller Teller NEU,9,4336537,99.94775057826996
1448,Offre la casa,9,4336546,99.9479580087047
1449,[kœri]werk11-14:30 Uhr,9,4336555,99.94816543913944
1450,Oma kocht vegan,8,4336563,99.94834982174811
1451,Tellergericht 8,8,4336571,99.94853420435678
1452,Imbiss 6,8,4336579,99.94871858696544
1453,Menüvorschlag vegan / Theke 1 + 6,8,4336587,99.9489029695741
1454,Vegane Aktion .,8,4336595,99.94908735218276
1455,Heute in der Cafeteria:,8,4336603,99.94927173479144
1456,AktionsBar,8,4336611,99.94945611740009
1457,Foodtruck,8,4336619,99.94964050000877
1458,Ausgabe 1 Pfälzer Gericht der Woche Fleischlose Alternative,8,4336627,99.94982488261742
1459,Abend 6,8,4336635,99.95000926522609
1460,Ausgabe 1 Pfälzer Gericht der Woche,8,4336643,99.95019364783475
1461,Grill NEU,8,4336651,99.9503780304434
1462,Tellergericht 4 e,8,4336659,99.95056241305208
1463,Tellergericht 4++,8,4336667,99.95074679566073
1464,Komponente 1   ,8,4336675,99.95093117826941
1465,Cafeteria Angebot  Mo-Do 08:00 - 15:00 Uhr  Fr        08:00 - 14:30 Uhr,8,4336683,99.95111556087807
1466,Angebot im Erdgeschoss,8,4336691,99.95129994348673
1467,Tagesangebote,8,4336699,99.9514843260954
1468,Speisenangebot2,8,4336707,99.95166870870406
1469,Tellergericht Fisch,8,4336715,99.95185309131273
1470,Cafeteria Angebot ab  8:00 Uhr :,8,4336723,99.95203747392138
1471,Cafeteria Anbgebot ab 8:00 Uhr :,8,4336731,99.95222185653004
1472,Pommes frites,8,4336739,99.95240623913871
1473,Auswahlgericht veget. 2,8,4336747,99.95259062174738
1474,Sommer-Mensa To-Go im Atrium Fleischlose Alternative,8,4336755,99.95277500435604
1475,Tagesgericht Empore,8,4336763,99.95295938696471
1476,Saisonal,8,4336771,99.95314376957337
1477,Vegetarisches aus Wok und Pfanne,8,4336779,99.95332815218202
1478,Sommer-Mensa To-Go im Atrium,8,4336787,99.95351253479069
1479,Speisenangebot 2.,8,4336795,99.95369691739936
1480,Nachmittagsangebot I,7,4336802,99.95385825218193
1481,Hausgemachte Pasta,7,4336809,99.95401958696452
1482,Angebot zur Spargelwoche,7,4336816,99.95418092174711
1483,Beilagen Mensen Preis 2,7,4336823,99.95434225652969
1484,Tellergericht 2++,7,4336830,99.95450359131226
1485,Pfanne am Grill,7,4336837,99.95466492609484
1486,Angebot im 2.Obergeschoß,7,4336844,99.95482626087741
1487,Aktionswoche Australien,7,4336851,99.95498759566
1488,Aktionswoche Kanada,7,4336858,99.95514893044259
1489,Abendessen - Oktoberfest,7,4336865,99.95531026522517
1490,Tagesaktion 4,7,4336872,99.95547160000774
1491,Frühstück,7,4336879,99.95563293479033
1492,xmensaVital,7,4336886,99.9557942695729
1493,"Tagessuppe 1,00 €",7,4336893,99.95595560435548
1494,Burritos Mexikanisch,7,4336900,99.95611693913806
1495,Cafeteria klassisch,7,4336907,99.95627827392065
1496,Pasta pro Portion oder nach Gewicht (pro 100g)  ,7,4336914,99.95643960870323
1497,Weihnachtsessen TP,7,4336921,99.95660094348581
1498,Wahlbuffet Aschermittwoch-buffet,7,4336928,99.95676227826839
1499,Cafeteria Angebot von 8:00-14:30 Uhr!,7,4336935,99.95692361305098
1500,Angebot zum Unitag,7,4336942,99.95708494783355
1501,Menü 2 Tagestipp,7,4336949,99.95724628261613
1502,FLEISCH UND FISCH,7,4336956,99.9574076173987
1503,Grillstation ,7,4336963,99.95756895218129
1504,PRIMA KLIMA,7,4336970,99.95773028696388
1505,TOPF UND PFANNE,7,4336977,99.95789162174646
1506,Schneller Teller - Aktion,7,4336984,99.95805295652903
1507,SATTMACHER,7,4336991,99.95821429131162
1508,Speisenangebot ,6,4336997,99.95835257826812
1509,Speisenangebot 1.,6,4337003,99.95849086522462
1510,Oktoberfest Menü,6,4337009,99.95862915218112
1511,Akionsessen,6,4337015,99.9587674391376
1512,Cafeteria Snacks,6,4337021,99.9589057260941
1513,Heute in der Cafeteria Essen 4!,6,4337027,99.9590440130506
1514,STREETFOOD,6,4337033,99.9591823000071
1515,Menü 3 mit drei Beilagen.,6,4337039,99.9593205869636
1516,Ausgabe 1 crazy friesday - canadian streetfood,6,4337045,99.9594588739201
1517,Ausgabe 1 crazy friesday - canadian streetfood Fleischlose Alternative,6,4337051,99.95959716087658
1518,D + E,6,4337057,99.95973544783308
1519,Komponente 4 - vegetarisch,6,4337063,99.95987373478958
1520,Angebot 4  in der Cafeteria,6,4337069,99.96001202174608
1521,Vegetaria a,6,4337075,99.96015030870258
1522,[kĹri]werk,6,4337081,99.96028859565908
1523,Campus Cooking - Angebot im Food Truck,6,4337087,99.96042688261558
1524,Angebot zur Tschechischen Woche,6,4337093,99.96056516957208
1525,Wahlbuffet Weihnachtsmarkt,6,4337099,99.96070345652858
1526,Grillfest: Krakauer,6,4337105,99.96084174348508
1527,Fish & Chips,6,4337111,99.96098003044158
1528,Ofen - Menü,6,4337117,99.96111831739807
1529,Grillfest: Putensteak,6,4337123,99.96125660435456
1530,Aktionsbeilage Stärke 4,6,4337129,99.96139489131106
1531,WOK-Pfanne Premium NEU,6,4337135,99.96153317826756
1532,Aktion zur Spargelwoche,6,4337141,99.96167146522406
1533,Eiweißarm.vollwert. Essen,6,4337147,99.96180975218056
1534,Salat Bar,6,4337153,99.96194803913706
1535,Wok Gericht,6,4337159,99.96208632609354
1536,Menü 2 Spargel - das elfenbein der küche,6,4337165,99.96222461305004
1537,Leer,6,4337171,99.96236290000654
1538,Abendessen / dinner,6,4337177,99.96250118696305
1539,Essen 16,6,4337183,99.96263947391955
1540,Grillfest: Schweinesteak,6,4337189,99.96277776087604
1541,Grillstand,6,4337195,99.96291604783254
1542,Rind Geflügel,6,4337201,99.96305433478904
1543,Frühstück / breakfast,6,4337207,99.96319262174553
1544,Soja Bolognese,6,4337213,99.96333090870203
1545,Nuggets and Bites,6,4337219,99.96346919565853
1546," Heute kein Angebot mensaVital, dafür Ausgabe Asia-Theke",6,4337225,99.96360748261502
1547,Auszeit fleischlos,6,4337231,99.96374576957152
1548,Cafeteria Angebot von 8:00-15:30Uhr:,6,4337237,99.96388405652802
1549,Cordon Bleu,6,4337243,99.96402234348452
1550,Abend - Pizza,6,4337249,99.96416063044101
1551,Grillfest: Bratwurst,6,4337255,99.96429891739751
1552,Aktionsbeilage Gemüse 4,5,4337260,99.96441415652792
1553,Angrillen auf der Asia-Terrasse,5,4337265,99.96452939565835
1554,X-Mas Spezial am Grill,5,4337270,99.96464463478875
1555,Veganes Gericht NEU,5,4337275,99.96475987391918
1556,Oktoberfest-Dessert,5,4337280,99.96487511304959
1557,Speisenangebot 3.,5,4337285,99.96499035218001
1558,frischer Spargel am Grill,5,4337290,99.96510559131042
1559,Summertime @ Poolbar,5,4337295,99.96522083044083
1560,QUERBEET | EG Nord ab 14:30 Uhr,5,4337300,99.96533606957124
1561,Cafeteria Angebot von 8:00-14:30 Uhr !,5,4337305,99.96545130870166
1562,Adventsmenü,5,4337310,99.96556654783207
1563,Aktionswoche Die ente im eo,5,4337315,99.96568178696249
1564,Low Carb Aktion,5,4337320,99.9657970260929
1565,Cafeteria Pfannengericht,5,4337325,99.96591226522332
1566,Tellergericht 6+,5,4337330,99.96602750435373
1567,Angebot zur historischen Woche,5,4337335,99.96614274348416
1568,Schülermenü,5,4337340,99.96625798261456
1569,Menü 3.,5,4337345,99.96637322174497
1570,Aktion: Der Markt von,5,4337350,99.9664884608754
1571,Angebot zur Matjeswoche,5,4337355,99.9666037000058
1572,Bio - vegeta-risch & Co.,5,4337360,99.96671893913623
1573,Menü 2 Weihnachtsessen,5,4337365,99.96683417826664
1574,Menü 2 Schnitzel,5,4337370,99.96694941739706
1575,Mensa Snack / Theke 5,5,4337375,99.96706465652747
1576,Beilage Standard B,5,4337380,99.96717989565789
1577,Mensa Salat  /  Theke 3,5,4337385,99.96729513478829
1578,Menü 1 Fitness-menü,5,4337390,99.96741037391871
1579,Cafeteria Angebot von 11:00 16:30 Uhr:,5,4337395,99.96752561304912
1580,Aus dem Pizzaofen,5,4337400,99.96764085217954
1581,Aktion aus dem Wok,5,4337405,99.96775609130995
1582,Shogok,5,4337410,99.96787133044037
1583,Nudeltheke nach Gewicht (Preis pro 100 g)  ,5,4337415,99.96798656957078
1584,Coq au vin,5,4337420,99.9681018087012
1585,Summer Bowl,5,4337425,99.96821704783162
1586,Angebot zur Orientalischen Woche,5,4337430,99.96833228696202
1587,Beilagen Abendmensa BuFra,5,4337435,99.96844752609245
1588,Menü 1 Oktoberfest,5,4337440,99.96856276522286
1589,Komponente 4 ,5,4337445,99.96867800435328
1590,Bio-Menü Alle Menü- komponenten auch einzeln erhältlich,5,4337450,99.96879324348369
1591,Abendangebot- ab 15.00 Uhr,5,4337455,99.96890848261411
1592,Summertime @ Poolbar...,5,4337460,99.96902372174452
1593,Aktionswoche Erdbeer- und spargelwoche,5,4337465,99.96913896087494
1594,American-Week,5,4337470,99.96925420000534
1595,Schwein Vegan,5,4337475,99.96936943913576
1596,Rustikal,5,4337480,99.96948467826617
1597,Desserttheke,5,4337485,99.9695999173966
1598,Kulinarischer Jakobsweg,5,4337490,99.969715156527
1599,Pasta-Bar,5,4337495,99.96983039565743
1600,Fit in den Frühling,5,4337500,99.96994563478783
1601,Herzhaft,5,4337505,99.97006087391826
1602,Angebot Cafeteria,5,4337510,99.97017611304867
1603,Rind Schwein Vegan,5,4337515,99.97029135217907
1604,xBeliebt & Gern Gegessen,5,4337520,99.97040659130948
1605,Nacht der Klänge,5,4337525,99.9705218304399
1606,Adyghe- Herzhaftes Eurasien,5,4337530,99.97063706957033
1607,Pfannengerichte,5,4337535,99.97075230870074
1608,Cafeteria Angebot von 8:00-15:00 Uhr:,5,4337540,99.97086754783115
1609,Heute in der Cafeteria !,4,4337544,99.9709597391355
1610,Bowls,4,4337548,99.97105193043981
1611,Cafeteria Angebot von 8:00 - 16:30 Uhr:,4,4337552,99.97114412174415
1612,Aktion Tandem,4,4337556,99.97123631304848
1613,Take Away,4,4337560,99.97132850435281
1614,Angebot Tschechischer Tag,4,4337564,99.97142069565714
1615,Battle Vleisch,4,4337568,99.97151288696148
1616,Aktion Wok,4,4337572,99.97160507826581
1617,Koreanische Woche,4,4337576,99.97169726957014
1618,Ausgabe 1 Mensaessen-To-Go in der Mensaria Atrium Fleischlose Alternative,4,4337580,99.97178946087448
1619,Grillfest: Bauernsalat,4,4337584,99.97188165217881
1620,"Mighty Meat ""Fleisch ist mein Gemüse""",4,4337588,99.97197384348313
1621,Moussaka vegetarisch,4,4337592,99.97206603478746
1622,"Grill Beilagen 2,60",4,4337596,99.9721582260918
1623,Ausgabe 1 Mensaessen-To-Go in der Mensaria Atrium,4,4337600,99.97225041739614
1624,Angebot zur jüdischen Woche,4,4337604,99.97234260870046
1625,Fisch vom Grill,4,4337608,99.97243480000479
1626,Aktionswoche Throwback-woche,4,4337612,99.97252699130912
1627,Big Chicago-Cheese Burger,4,4337616,99.97261918261346
1628,SALATBUFFET,4,4337620,99.97271137391779
1629,"Cafeteria Tagesangebot 2,50 Euro",4,4337624,99.97280356522212
1630,ZZZ KT,4,4337628,99.97289575652644
1631,Cafetria Angebot von 8:00-15:00 Uhr:,4,4337632,99.97298794783079
1632,Beilagen+Desserts,4,4337636,99.97308013913512
1633,Weihnachtsmarkt im UHG,4,4337640,99.97317233043945
1634,Cafeteria Angebot von 8:00-15:30:,4,4337644,99.97326452174377
1635,Cafeteria Menü vegetarisch,4,4337648,99.9733567130481
1636,! Save the date !,4,4337652,99.97344890435245
1637,Tagesmneü vegetarisch,4,4337656,99.97354109565677
1638,Grill - mensaVital,4,4337660,99.9736332869611
1639,Filetto Di Manzo,4,4337664,99.97372547826544
1640,Cafeteria Oktoberfest Menü,4,4337668,99.97381766956977
1641,fertig 4,4,4337672,99.9739098608741
1642,Abendangebot 15:00 - 18:00,4,4337676,99.97400205217843
1643,Cafeteria vegan,4,4337680,99.97409424348277
1644,Cafeteria-Angebot,4,4337684,99.9741864347871
1645,kombinierBar (wöchtenlich wechselnd),4,4337688,99.97427862609143
1646,Abend - Mio-Aktion,4,4337692,99.97437081739577
1647,Essen4,4,4337696,99.9744630087001
1648,Heiße Theke Schnitzel,4,4337700,99.97455520000442
1649,Grillstand - Menü ,4,4337704,99.97464739130876
1650,Grillfest: Ofenkartoffel,4,4337708,99.9747395826131
1651,Erntedankfest,4,4337712,99.97483177391742
1652,Cafeteria von 8.00 - 15:00 Uhr  in der Mensa :,4,4337716,99.97492396522175
1653,Ostfriesische Tage,4,4337720,99.97501615652608
1654,Veganes Tagesangebot 1,4,4337724,99.97510834783043
1655,The Taste of Asia,4,4337728,99.97520053913475
1656,QUERBEET | EG Nord ab 17:30 Uhr,4,4337732,99.97529273043908
1657,Essen 4 - Weihnachtsessen,4,4337736,99.97538492174341
1658,Tagesgericht 3 (Vegetarisch),4,4337740,99.97547711304775
1659,Gemüsegarten 1,4,4337744,99.97556930435208
1660,Weihnachtsmarkt in der Halle,4,4337748,99.97566149565641
1661,Unser Angebot finden Sie im Erdgeschoss,4,4337752,99.97575368696073
1662,Nudelteller,4,4337756,99.97584587826506
1663,zzz Fischgericht NEU,4,4337760,99.97593806956941
1664,Angebot zur tschechischen Woche,4,4337764,99.97603026087374
1665,Spargel Klassisch am Grill,4,4337768,99.97612245217806
1666,Essen 4-Sächsische Woche,4,4337772,99.9762146434824
1667,Ausgabe 1 crazy friesday -Poutine- canadian streetfood Fleischlose Alternative,4,4337776,99.97630683478673
1668,Ausgabe 1 crazy friesday -Poutine- canadian streetfood,4,4337780,99.97639902609106
1669,Cafeteria Angebot von 8:00-14:30Uhr:,4,4337784,99.97649121739539
1670,zzzGemüsebeilage,4,4337788,99.97658340869972
1671,WORLDWIDE | EG Nord ab 14:30 Uhr,4,4337792,99.97667560000406
1672,Französische Woche,4,4337796,99.97676779130839
1673,Aktionswoche,4,4337800,99.97685998261272
1674,Aktionswoche Trendfood-woche,4,4337804,99.97695217391706
1675,Dessert extra,4,4337808,99.97704436522137
1676,Komplett Menü nur To Go,4,4337812,99.97713655652572
1677,Schnitzelwoche,4,4337816,99.97722874783005
1678,Speisenangebot0,4,4337820,99.97732093913439
1679,Ausgabe 2 -Poutine- canadian streetfood,4,4337824,99.9774131304387
1680,Abendangebot 15:00 - 17:00 Uhr,4,4337828,99.97750532174304
1681,Ausgabe 2 -Poutine- canadian streetfood Fleischlose Alternative,4,4337832,99.97759751304739
1682,Mensa Asia vegan,4,4337836,99.9776897043517
1683,www.weoneworld.de,4,4337840,99.97778189565604
1684,Komponente 4 - vegan,4,4337844,99.97787408696037
1685,zzzGrill,4,4337848,99.9779662782647
1686,Aktion: Rind,4,4337852,99.97805846956904
1687,Mittag 1 / lunch 1,4,4337856,99.97815066087337
1688,je Menü 3 mit drei Beilagen Beilagen,4,4337860,99.9782428521777
1689,Mittag 2 / lunch 2,4,4337864,99.97833504348202
1690,Nueltheke,4,4337868,99.97842723478637
1691,Menü 2 Campus cooking vor der hs mensa,4,4337872,99.9785194260907
1692,Hauptkomponente NEU,4,4337876,99.97861161739502
1693,Schwein Fisch MSC Fisch,4,4337880,99.97870380869935
1694,Campus Curry,4,4337884,99.97879600000368
1695,Highlight der Woche,4,4337888,99.97888819130803
1696,Dönerteller,4,4337892,99.97898038261235
1697,Aktionsgericht,3,4337895,99.9790495260906
1698,Angebot des Tages 3,3,4337898,99.97911866956885
1699,Kartoffeln und Co. Gemüse,3,4337901,99.9791878130471
1700,Turm 3b,3,4337904,99.97925695652535
1701,ASIA Aktionstage,3,4337907,99.97932610000359
1702,zzzFleischgericht,3,4337910,99.97939524348183
1703,Heute in der Cafeteria!!,3,4337913,99.97946438696009
1704,Garnituren,3,4337916,99.97953353043835
1705,Bayrische Woche,3,4337919,99.97960267391659
1706,"""Mit AIESEC um die Welt""",3,4337922,99.97967181739484
1707,Delicious take away #FRITTEN,3,4337925,99.97974096087309
1708,Delicious take away #FRITTEN Fleischlose Alternative,3,4337928,99.97981010435134
1709,Angebot zur Griechischen Woche,3,4337931,99.97987924782959
1710,Suppen/Eintöpfe,3,4337934,99.97994839130784
1711,xAktionen OG,3,4337937,99.98001753478609
1712,Tagesgericht (Vegetarisch/Vegan),3,4337940,99.98008667826433
1713,Pasta Bar,3,4337943,99.98015582174258
1714,Vegarisch,3,4337946,99.98022496522083
1715,Frisches vom Grill,3,4337949,99.98029410869907
1716,Angebot Food Hopper,3,4337952,99.98036325217733
1717,Empore,3,4337955,99.98043239565557
1718,Aktion Campus-Cooking,3,4337958,99.98050153913383
1719,Weihnachtsschmaus,3,4337961,99.98057068261208
1720,Wurstbeilage.,3,4337964,99.98063982609033
1721,Köstlichkeiten aus Wald & Wiese,3,4337967,99.98070896956858
1722,Garten Pide,3,4337970,99.98077811304682
1723,Hirtensandwich,3,4337973,99.98084725652507
1724,Couscous Bowl,3,4337976,99.98091640000332
1725,Taco Bowl,3,4337979,99.98098554348157
1726,Vollkornnudelsalat,3,4337982,99.98105468695981
1727,Curry Balls,3,4337985,99.98112383043807
1728,Mac & Cheese,3,4337988,99.98119297391631
1729,Plant Served Burger,3,4337991,99.98126211739456
1730,Sonnenblumen Burger,3,4337994,99.9813312608728
1731,Combo Burger + Fries,3,4337997,99.98140040435106
1732,Muffin,3,4338000,99.9814695478293
1733,Delicious take away #BUNT&GESUND,3,4338003,99.98153869130756
1734,Aktionsgericht Campus-Cooking,3,4338006,99.98160783478582
1735,zzzVeganes Gericht,3,4338009,99.98167697826406
1736,Tagesaktion vegan,3,4338012,99.9817461217423
1737,Angaebot 6,3,4338015,99.98181526522055
1738,Europa zu Gast,3,4338018,99.9818844086988
1739,Weihnachtsmenü I,3,4338021,99.98195355217705
1740,Oktoberfestteller,3,4338024,99.9820226956553
1741,Karotten-Ingwersuppe mit Kokosmilch,3,4338027,99.98209183913355
1742,Bauernfrühstück,3,4338030,99.9821609826118
1743,Crunchy Chicken Burger,3,4338033,99.98223012609004
1744,Unsere französischen Köche kochen für Sie,3,4338036,99.9822992695683
1745,Komponente 3   ,3,4338039,99.98236841304654
1746,WM-Essen,3,4338042,99.9824375565248
1747,Scharfer Start,3,4338045,99.98250670000304
1748,Pasta pro Portion oder nach Gewicht (pro 100g)   ,3,4338048,99.98257584348129
1749,Ausgabe 1 Mensaessen-To-Go an Ausgabe 1,3,4338051,99.98264498695953
1750,Angebot zur Oktoberfestwoche,3,4338054,99.98271413043778
1751,Ausgabe 1 Mensaessen-To-Go an Ausgabe 1 Fleischlose Alternative,3,4338057,99.98278327391604
1752,Ausgabe 1 Mensaessen to-go an der Ausgabe 1,3,4338060,99.98285241739428
1753,Ausgabe 1 Mensaessen to-go an der Ausgabe 1 Fleischlose Alternative,3,4338063,99.98292156087254
1754,Durch Deutschlands Regionen-Heute aus dem Badischen Land,3,4338066,99.98299070435078
1755,Ausgabe 2 crazy friesday -Poutine- canadian streetfood Fleischlose Alternative,3,4338069,99.98305984782904
1756,"Ausgabe 1 ""Pfälzer Genusswoche""",3,4338072,99.98312899130728
1757,"Ausgabe 1 ""Pfälzer Genusswoche"" Fleischlose Alternative",3,4338075,99.98319813478554
1758,WOK-Pfanne NEU,3,4338078,99.98326727826378
1759,Fischgericht NEU,3,4338081,99.98333642174202
1760,Angebot zum Erntedankfest,3,4338084,99.98340556522027
1761,Azubitag,3,4338087,99.98347470869852
1762,Böhmische Aktionstage,3,4338090,99.98354385217677
1763,Ausgabe 2 crazy friesday -Poutine- canadian streetfood,3,4338093,99.98361299565502
1764,Bayerische Woche,3,4338096,99.98368213913326
1765,Cheesecake,3,4338099,99.98375128261152
1766,Menü 2 Aktion „fisch und mee(h)r“,3,4338102,99.98382042608978
1767,Pasta - mensaVital,3,4338105,99.98388956956802
1768,Köche aus Prag in Aktion,3,4338108,99.98395871304628
1769,"  Balkan-Pilz­gu­lasch        1,80 € / 3,15 €  ",3,4338111,99.98402785652452
1770,WokVital,3,4338114,99.98409700000278
1771,x Abendessen Mensa X,3,4338117,99.98416614348102
1772,Pfannengericht am Grill,3,4338120,99.98423528695926
1773,Kalte Snacks,3,4338123,99.9843044304375
1774,Frischer Spargel am Grill,3,4338126,99.98437357391576
1775,Cafeteria Angebot          Mo-Do 08:00 - 15:00 Uhr          Fr        08:00 - 14:30 Uhr,3,4338129,99.984442717394
1776,Aktionswoche Duck döner,3,4338132,99.98451186087226
1777,Rind Schwein Geflügel,3,4338135,99.9845810043505
1778,Aktionswoche Bärlauchwoche,3,4338138,99.98465014782876
1779,Cafeteria Angebot von 8:00-15:00 Uhr !,3,4338141,99.984719291307
1780,Cafeteria Angebot von 8:00-15:30 Uhr !,3,4338144,99.98478843478526
1781,Pizza ,3,4338147,99.98485757826352
1782,"Pizza ""StraNa""",3,4338150,99.98492672174176
1783,Reserviert für Brückenbausymposium,3,4338153,99.98499586522
1784,Cafeteria Angebot 8:00 - 15:30 Uhr:,3,4338156,99.98506500869824
1785,Tagesangebot Fisch,3,4338159,99.9851341521765
1786, Hauptgericht HK 4 ,3,4338162,99.98520329565474
1787,Vegan MSC Fisch,3,4338165,99.985272439133
1788,Menü 1 Hamburger woche,3,4338168,99.98534158261124
1789,Cafeteria vegetarisch,3,4338171,99.9854107260895
1790,Frühlingshaft verpackt vom Osterhasen,3,4338174,99.98547986956774
1791,Suppenangebot Tagestipp,3,4338177,99.985549013046
1792,*Ausverkauft*,3,4338180,99.98561815652424
1793,Menü 2 Grill,3,4338183,99.9856873000025
1794,Menü 1 Grill,3,4338186,99.98575644348074
1795,Mensa Snack /  Theke 5,3,4338189,99.98582558695898
1796,Köttbullar,3,4338192,99.98589473043722
1797,Christmas Spezial,3,4338195,99.98596387391548
1798,Nordsee Seelachs Burger,2,4338197,99.98600996956765
1799,Weihnachtsmenü II,2,4338199,99.98605606521981
1800,Angebot in der 1.Etage! Pasta,2,4338201,99.98610216087198
1801,alles frisch - für den kleinen Appetit,2,4338203,99.98614825652415
1802,Herbstfestangebot im Erdgeschoss,2,4338205,99.98619435217631
1803,Angebot1,2,4338207,99.98624044782848
1804,Cafeteria Angebot von 8:00 - 16:30 Uhr :,2,4338209,99.98628654348065
1805,Unser Angebot zum Fit & Fun Tag,2,4338211,99.98633263913281
1806,Wildaktionsgericht,2,4338213,99.98637873478498
1807,Nudreltheke,2,4338215,99.98642483043714
1808,Chicken Burger,2,4338217,99.98647092608931
1809,[pizza]werkPizza11:30-14:30 UhrTo-Go,2,4338219,99.98651702174148
1810,Auf der Terrasse,2,4338221,99.98656311739364
1811,Beliebt &amp; Gern Gegessen,2,4338223,99.98660921304581
1812,Angebot  1,2,4338225,99.98665530869798
1813,Terrasse am Grill,2,4338227,99.98670140435014
1814,Hausgemachtes Sushi >> Wochenaktion,2,4338229,99.98674750000231
1815,Terrasse,2,4338231,99.98679359565446
1816,Cafeteria Bratwurst,2,4338233,99.98683969130664
1817,Grillmenü 2,2,4338235,99.9868857869588
1818,Speisenangebot3,2,4338237,99.98693188261096
1819,Menüauswahl,2,4338239,99.98697797826314
1820,Rakott krumpli,2,4338241,99.9870240739153
1821,Bacon-Cheese Burger,2,4338243,99.98707016956747
1822,Saganaki Feta,2,4338245,99.98711626521964
1823,Jambalaya,2,4338247,99.98716236087179
1824,Schnitzelburger,2,4338249,99.98720845652397
1825,Brötchen-Angebot   08:00-11:00 Uhr,2,4338251,99.98725455217613
1826,WM Essen-USA,2,4338253,99.98730064782829
1827,Tagesangebot Cafeteria Zebradiele,2,4338255,99.98734674348046
1828,Tagesangebot- Nur solange der Vorrat reicht,2,4338257,99.98739283913262
1829,Ab 14:00 Uhr,2,4338259,99.98743893478479
1830,Fish and Chips,2,4338261,99.98748503043696
1831,Menü Hamburger woche,2,4338263,99.98753112608912
1832,Wahlbuffet Spargel,2,4338265,99.98757722174129
1833,"Beilagen, Salate",2,4338267,99.98762331739346
1834,Abendangebot-ab 15.00 Uhr,2,4338269,99.98766941304562
1835,"BEILAGEN, SALATE",2,4338271,99.98771550869779
1836,Nudeltheke von 11.00 - 14.00 Uhr,2,4338273,99.98776160434996
1837,Menü 2 Aktionswoche,2,4338275,99.98780770000212
1838,Tagesgerichte,2,4338277,99.98785379565429
1839,Unsere Azubis kochen für Sie,2,4338279,99.98789989130645
1840,Ausgabe 1 Weihnachtsessen Fleischlose Alternative,2,4338281,99.98794598695862
1841,Azubi-Tag,2,4338283,99.98799208261079
1842,Geflügel Fisch,2,4338285,99.98803817826295
1843,Weihnachtsdessert,2,4338287,99.9880842739151
1844,Welt-Klimatag,2,4338289,99.98813036956729
1845,Angebot2,2,4338291,99.98817646521945
1846,Angebot Food - Hopper,2,4338293,99.9882225608716
1847,Vegetarisch Fisch Vegan MSC Fisch,2,4338295,99.98826865652379
1848,Tschechische Tage,2,4338297,99.98831475217594
1849,Cafeteria Angebot             Mo-Do 08:00 - 15:00 Uhr             Fr        08:00 - 14:30 Uhr,2,4338299,99.9883608478281
1850,Frische Pasta-Heute,2,4338301,99.98840694348029
1851,Pastasoße wahlweise,2,4338303,99.98845303913244
1852,Pastasoße wahlweise mit,2,4338305,99.98849913478462
1853,Pasta wahlweise,2,4338307,99.98854523043677
1854,Heute,2,4338309,99.98859132608894
1855,Aktion zum Tschechischen Tag,2,4338311,99.98863742174112
1856,Ofen - mensaVital,2,4338313,99.98868351739327
1857,Surf & Turf,2,4338315,99.98872961304544
1858,Battle Fleisch,2,4338317,99.9887757086976
1859,Schneller Teller 3,2,4338319,99.98882180434977
1860,Deutschland,2,4338321,99.98886790000194
1861,Pasta - mensaVital - Menü,2,4338323,99.9889139956541
1862,Cafeteria Angebot von 8:00-14:30 Uhr :,2,4338325,99.98896009130627
1863,Menü 1 Weihnachtsessen,2,4338327,99.98900618695843
1864,xX cafete⁵⁵ Xx,2,4338329,99.9890522826106
1865,! StuWe-Night !,2,4338331,99.98909837826277
1866,Cafeteria Angebot von 8:00.15:30 Uhr!,2,4338333,99.98914447391492
1867,Essen1,2,4338335,99.9891905695671
1868,Wok-Station,2,4338337,99.98923666521927
1869,Angebot 2 - Nur solange der Vorrat reicht,2,4338339,99.98928276087143
1870,Azubiessen,2,4338341,99.9893288565236
1871,Aktionstheke B,2,4338343,99.98937495217575
1872,Info 4,2,4338345,99.98942104782793
1873,Grillstation 3,2,4338347,99.9894671434801
1874,Tagessuppe:,2,4338349,99.98951323913225
1875,Zum Dessert,2,4338351,99.98955933478443
1876,Ausgabe 1 Weihnachtsessen,2,4338353,99.98960543043658
1877,Imbiss 5,2,4338355,99.98965152608875
1878,Pizza-Point,2,4338357,99.98969762174093
1879,Unsere Azubis kochen heute für Sie,2,4338359,99.98974371739308
1880,zZz Game Night zZz,2,4338361,99.98978981304525
1881,Aktion Spargel,2,4338363,99.98983590869742
1882,Cafeteria Angebot von 8:00 -16:30 Uhr,2,4338365,99.98988200434958
1883,"Cafeteria ""StraNa""",2,4338367,99.98992810000176
1884,"Heute kein Angebot mensaVital, dafür Ausgabe Asia-Theke",2,4338369,99.98997419565391
1885,Delicious take away #BOWL,2,4338371,99.99002029130608
1886,Cafeteria ,2,4338373,99.99006638695825
1887,Delicious take away #BUNT&GESUND Fleischlose Alternative,2,4338375,99.99011248261041
1888,Delicious take away #PASTA,2,4338377,99.99015857826258
1889,Delicious take away #PASTA Fleischlose Alternative,2,4338379,99.99020467391475
1890,Essen 1-Sächsische Woche,2,4338381,99.99025076956691
1891,Essen 1 - GO-Next,2,4338383,99.99029686521908
1892,Speisenangebot 4,2,4338385,99.99034296087125
1893,Essen 4 - Oktoberfest,2,4338387,99.99038905652341
1894,Tagesangebot-Nur solange der Vorrat reicht,2,4338389,99.99043515217558
1895,Heiße Theke - Pastatheke,2,4338391,99.99048124782774
1896,Aktionstheke A,2,4338393,99.99052734347991
1897,Essen w,2,4338395,99.99057343913206
1898,Aktion Tandem heute,2,4338397,99.99061953478424
1899,Menü 2 ..,2,4338399,99.99066563043641
1900,zzzFischgericht,2,4338401,99.99071172608858
1901,Italien,2,4338403,99.99075782174074
1902,Angebot für interne Gäste,2,4338405,99.9908039173929
1903,Nacht der Klänge Poolbar,2,4338407,99.99085001304508
1904,Kartoffeln und Co. Stärke,2,4338409,99.99089610869724
1905,Essen M2,2,4338411,99.9909422043494
1906,Aktionstjheke,2,4338413,99.99098830000158
1907,Cafeteria Herzhaft,2,4338415,99.99103439565373
1908,Das grüne Glück,2,4338417,99.9910804913059
1909,Grillfest: Vegane Tortellini,2,4338419,99.99112658695807
1910,Burger am Wok,2,4338421,99.99117268261023
1911,Bio-Stärkebeilage,2,4338423,99.9912187782624
1912,Eintopf /( Suppe,2,4338425,99.99126487391456
1913,Ökoessen 5,2,4338427,99.99131096956673
1914,Tag der gesunden Ernährung,2,4338429,99.9913570652189
1915,Tagessupe,2,4338431,99.99140316087106
1916,Essen M1,2,4338433,99.99144925652323
1917,Bio-Gemüse,2,4338435,99.99149535217539
1918,Nacht der Klänge am Grill,2,4338437,99.99154144782756
1919,Hinweis Für Displays,2,4338439,99.99158754347972
1920,zzzHauptkomponenten,2,4338441,99.99163363913189
1921,Aktionsstand .,2,4338443,99.99167973478406
1922,Schweiz,2,4338445,99.99172583043622
1923,Pizza .,2,4338447,99.99177192608839
1924,Unser Angebot To Go,2,4338449,99.99181802174056
1925,Kombi-Angebot,2,4338451,99.99186411739271
1926,Beilagen Mensen Preis 1,2,4338453,99.99191021304489
1927,Änderungen vorbehalten !,2,4338455,99.99195630869706
1928,Cafeteria Menü vegan,2,4338457,99.99200240434921
1929,Frankreich,2,4338459,99.99204850000139
1930,Spanien,2,4338461,99.99209459565354
1931,Forum_TOGO,2,4338463,99.99214069130572
1932,Tellergericht 4 d,2,4338465,99.99218678695789
1933,Info:,2,4338467,99.99223288261004
1934,"!Ausgabe an einem neuen Ort! Hausgemachte Pasta, heute",2,4338469,99.99227897826222
1935,Dessert 4,2,4338471,99.99232507391437
1936,QUERBEET | MG Nord 11.30 - 14.00 Uhr,2,4338473,99.99237116956654
1937,Ausgabe 2 Pfälzer Gericht der Woche,1,4338474,99.99239421739262
1938,Tagesempfehlung,1,4338475,99.99241726521872
1939,zzzSmoothies,1,4338476,99.9924403130448
1940,Weihnachtsmarkt...,1,4338477,99.99246336087087
1941,Delicious take away #CURRY Fleischlose Alternative,1,4338478,99.99248640869696
1942,HEIMSPIEL | MG Nord 11.30 - 21.00 Uhr,1,4338479,99.99250945652304
1943,"MEISTERWERK | EG Nord, 11.30 - 14.30 Uhr",1,4338480,99.99253250434913
1944,Ausgabe 1 Weihnachtsessen To-Go,1,4338481,99.9925555521752
1945,Ausgabe 2 Pfälzer Gericht der Woche Fleischlose Alternative,1,4338482,99.9925786000013
1946,Frohe Weihnachten und einen guten Rutsch...,1,4338483,99.99260164782737
1947,Pizza groß,1,4338484,99.99262469565345
1948,Angrgot 2,1,4338485,99.99264774347954
1949,Aktionsessen Oktoberfest,1,4338486,99.99267079130563
1950,Essen 4 - Oktoberfest TP,1,4338487,99.9926938391317
1951,Tagesangebot - nur solange der Vorrat reicht,1,4338488,99.9927168869578
1952,Südamerika,1,4338489,99.99273993478387
1953,Aktion-Sächsische Woche,1,4338490,99.99276298260995
1954,Heute am Aktionsstand 1,1,4338491,99.99278603043604
1955,Land Japan,1,4338492,99.99280907826213
1956,Aktion III,1,4338493,99.9928321260882
1957,Wurstbeilage ,1,4338494,99.99285517391428
1958,Aktion GO-Next,1,4338495,99.99287822174037
1959,Ausgabe 1 Weihnachtsessen To-Go Fleischlose Alternative,1,4338496,99.99290126956645
1960,Ausgabe 2 Mensaessen To-Go,1,4338497,99.99292431739254
1961,Ausgabe 2 Mensaessen To-Go Fleischlose Alternative,1,4338498,99.99294736521863
1962,Ausgabe 1 Menaessen To-Go Fleischlose Alternative,1,4338499,99.9929704130447
1963,Ausgabe 1 Menaessen To-Go,1,4338500,99.99299346087078
1964,Delicious take away #CURRY,1,4338501,99.99301650869687
1965,"Tagessuppe 1,00 â¬",1,4338502,99.99303955652294
1966,Delicious take away #DÖNER Fleischlose Alternative,1,4338503,99.99306260434903
1967,Holiday-Food Türkei,1,4338504,99.99308565217511
1968,"Hausgemachte Pasta, heute Linguine mit 9-Kräuterpesto (vegan), wahlweise ",1,4338505,99.9931087000012
1969,x Tagessuppe x,1,4338506,99.99313174782728
1970,Land Elfenbeinküste,1,4338507,99.99315479565337
1971,Land Kolumbien,1,4338508,99.99317784347946
1972,Osteraktion,1,4338509,99.99320089130553
1973,Holiday-Food Südtirol,1,4338510,99.99322393913161
1974,Holiday-Food Elsass,1,4338511,99.9932469869577
1975,Holiday-Food Italien,1,4338512,99.99327003478378
1976,Holiday-Food Spanien,1,4338513,99.99329308260985
1977,Delicious take away #DÖNER,1,4338514,99.99331613043594
1978,Land England,1,4338515,99.99333917826203
1979,Blumenkohlhirn,1,4338516,99.99336222608811
1980,Frankensteins Fratze,1,4338517,99.99338527391419
1981,Veganes Tagesangebot 2,1,4338518,99.99340832174028
1982,Land Mexico,1,4338519,99.99343136956635
1983,BBQ-Pumpkin,1,4338520,99.99345441739244
1984,Ausgabe 1 canadian streetfood Fleischlose Alternative,1,4338521,99.99347746521853
1985,Ausgabe 1 canadian streetfood,1,4338522,99.99350051304461
1986,Pasta / Gemüsebar je 100g,1,4338523,99.99352356087068
1987,Pizza Day,1,4338524,99.99354660869678
1988,Azubiaktion,1,4338525,99.99356965652287
1989,"Getränke ""StraNa""",1,4338526,99.99359270434894
1990,Delicious take away #BOWL Fleischlose Alternative,1,4338527,99.99361575217503
1991,Delicious take away #SÜSSKARTOFFEL Fleischlose Alternative,1,4338528,99.99363880000111
1992,Delicious take away #SÜSSKARTOFFEL,1,4338529,99.99366184782718
1993,Cafeteria Angebot  von 8:00-15:00 Uhr,1,4338530,99.99368489565327
1994,Hausgemachte Pasta am Grill,1,4338531,99.99370794347936
1995,Nachmittagsangebot IV,1,4338532,99.99373099130544
1996,Brasilien,1,4338533,99.99375403913152
1997,Nachmittagsangebot III,1,4338534,99.9937770869576
1998,Nachmittagsangebot II,1,4338535,99.99380013478368
1999,Speisenangebot..,1,4338536,99.99382318260976
2000,Speisenangebot 2..,1,4338537,99.99384623043585
2001,Menü 2 mit drei Beilagen..,1,4338538,99.99386927826194
2002,"Salatbar ""StraNa""",1,4338539,99.99389232608802
2003,Lehrlings-Aktion,1,4338540,99.9939153739141
2004,Tagesaktion vegan 1,1,4338541,99.99393842174018
2005,Hier in Ihrer Mensa,1,4338542,99.99396146956627
2006,Extra am Grill,1,4338543,99.99398451739235
2007,Veretarisch,1,4338544,99.99400756521844
2008,Angebot  2,1,4338545,99.99403061304452
2009,Land Australien,1,4338546,99.99405366087059
2010,Hausgemachte Pasta - Heute,1,4338547,99.99407670869668
2011,Schneller Teller 3 - Menü,1,4338548,99.99409975652277
2012,D und E sind beide geöffnet,1,4338549,99.99412280434885
2013,Cafeteria Menü Oktoberfest Menü,1,4338550,99.99414585217494
2014,Rind Schwein Geflügel Fisch,1,4338551,99.99416890000101
2015,"Hausgemachte Pasta, heute Fussili mit Tomaten-Olivenpesto und Mozzarella oder Gouda (vegane Alternative statt Käse",1,4338552,99.99419194782709
2016,Donnerstag - Eintopf / Suppe,1,4338553,99.99421499565318
2017,Pizza mit Festpreis klein/groß,1,4338554,99.99423804347927
2018,Pasta mit,1,4338555,99.99426109130535
2019,Campus Cooking Vive la France,1,4338556,99.99428413913142
2020,Gnocchiauflauf,1,4338557,99.99430718695751
2021,Angebot zur Spargelwoche - Hausgemachte Pasta,1,4338558,99.99433023478359
2022,Hausgemachte frische Pasta-Heute,1,4338559,99.99435328260968
2023,Burger am  Grill,1,4338560,99.99437633043577
2024,AmGrill,1,4338561,99.99439937826185
2025,xGemüsebeilagen,1,4338562,99.99442242608792
2026,xSättigungsbeilagen,1,4338563,99.99444547391401
2027,Marokko Agneau aux raisins secs et aux amandes,1,4338564,99.99446852174009
2028,Jubiläums Burger,1,4338565,99.99449156956618
2029,EM Woche-Kroatien,1,4338566,99.99451461739226
2030,New Yorker Delis Pflaumenzimmes,1,4338567,99.99453766521835
2031,EM Woche-England,1,4338568,99.99456071304442
2032,Karneval am Kuchenbuffet,1,4338569,99.9945837608705
2033,Süß,1,4338570,99.9946068086966
2034,Aktion .,1,4338571,99.99462985652268
2035,Weihnachtliches am Grill,1,4338572,99.99465290434875
2036,Tierisch + Vegetarisch,1,4338573,99.99467595217484
2037,xXx Cafeteria StraNa xXx,1,4338574,99.99469900000092
2038,Weinachtsessen am Grill,1,4338575,99.994722047827
2039,Cafeteria Menü vegean,1,4338576,99.99474509565309
2040,Cafeteria Men,1,4338577,99.99476814347918
2041,Mensa to go,1,4338578,99.99479119130525
2042,Pasta  am Wok,1,4338579,99.99481423913133
2043,Schweden,1,4338580,99.99483728695742
2044,Türkei,1,4338581,99.9948603347835
2045,Heute im Angebot an der Desserttheke ,1,4338582,99.99488338260959
2046,EM Woche-Spanien,1,4338583,99.99490643043568
2047,EM Woche-Polen,1,4338584,99.99492947826175
2048,EM Woche-Frankreich,1,4338585,99.99495252608783
2049,London Gefilte Fisch fritt,1,4338586,99.99497557391392
2050,Aktionswoche Südsee heute Tuvalu,1,4338587,99.99499862174001
2051,Eintopf vegetarisch 1,1,4338588,99.99502166956609
2052,95 Jahre Studentenwerk Dresden,1,4338589,99.99504471739216
2053,WM Spezial am Grill,1,4338590,99.99506776521825
2054,Pasta - Bio-Essen,1,4338591,99.99509081304433
2055,Mittag / lunch 1,1,4338592,99.9951138608704
2056,Mittag / lunch 2,1,4338593,99.99513690869651
2057,WM Menü am Grill,1,4338594,99.99515995652258
2058,"Hausgemachte Pasta, heute Amori mit Champignons, Wirsingkohl und Mozarella (vegane Alternative statt Käse",1,4338595,99.99518300434866
2059,Rind Geflügel Vegetarisch,1,4338596,99.99520605217475
2060,Tagesgericht - Nur solange der Vorrat reicht,1,4338597,99.99522910000083
2061,Land Brasilien,1,4338598,99.9952521478269
2062,Rind Schwein Vegetarisch,1,4338599,99.995275195653
2063,Angebot 3 - Nur solange der Vorrat reicht,1,4338600,99.99529824347908
2064,Angebot 1 - Nur solange der Vorrat reicht,1,4338601,99.99532129130516
2065,Heisse Theke,1,4338602,99.99534433913124
2066,Afrika,1,4338603,99.99536738695733
2067,Österreich,1,4338604,99.99539043478342
2068,USA,1,4338605,99.9954134826095
2069,England,1,4338606,99.99543653043558
2070,Komponente 5 - vegan,1,4338607,99.99545957826166
2071,"Konzert ""Survival Paket"" (15:00 Uhr)",1,4338608,99.99548262608774
2072,Aktionswoche Südsee heute Tahiti,1,4338609,99.99550567391383
2073,In der Mensa (Halle10) 8.00-14.30Uhr,1,4338610,99.99552872173992
2074,Aktionswoche Südsee heute Pitcairn,1,4338611,99.99555176956599
2075,[pizza]werk Pasta,1,4338612,99.99557481739207
2076,Aktionswoche Südsee heute Samoa,1,4338613,99.99559786521816
2077,Abendangebot 2,1,4338614,99.99562091304423
2078,Thailand,1,4338615,99.99564396087031
2079,Aktion: Tipp,1,4338616,99.99566700869642
2080,Abendessen - Get your Bow,1,4338617,99.99569005652249
2081,Geflügel Fisch Vegan,1,4338618,99.99571310434857
2082,Abendessen - Schnitzel sa,1,4338619,99.99573615217466
2083,Nacht der Klänge Spanisches Dessert,1,4338620,99.99575920000073
2084,Geflügel Vegetarisch Fisch MSC Fisch,1,4338621,99.99578224782682
2085,Tagesangebot - Nur so langer Vorrat reicht,1,4338622,99.9958052956529
2086,Tagesgericht - Solanger der Vorrat reicht,1,4338623,99.99582834347899
2087,Tagesgericht - So lange der Vorrat reicht!,1,4338624,99.99585139130507
2088,EG Nord 11.30 - 14.30 Uhr,1,4338625,99.99587443913114
2089,Komponente 6,1,4338626,99.99589748695723
2090,In der Kaffeebar HaSi (Halle17) 9.30-16.30Uhr,1,4338627,99.99592053478332
2091,"Ausgabe am Essen ""fertig 1""",1,4338628,99.9959435826094
2092,Abrissbirne,1,4338629,99.99596663043549
2093,Mausetote Oma,1,4338630,99.99598967826157
2094,Mousaka,1,4338631,99.99601272608764
2095,^B,1,4338632,99.99603577391373
2096,Take Away Kombi-Angebot,1,4338633,99.99605882173982
2097,Vegan Vital,1,4338634,99.9960818695659
2098,Der Renner,1,4338635,99.99610491739197
2099,"Azubi in Aktion, heute",1,4338636,99.99612796521807
2100,New Yorker Chicken Ramen Burger,1,4338637,99.99615101304414
2101,"Hausgemachte  Pasta, heute",1,4338638,99.99617406087023
2102,"  Penne all arrabbiata (a,i)  1,60 € / 2,95 €  ",1,4338639,99.99619710869632
2103,Jamaika Jerk Chicken,1,4338640,99.9962201565224
2104,Menü 2-VEGAN,1,4338641,99.99624320434847
2105,"  Gers­toni Kürbis-Curry (a)  1,80 € / 3,15 €  ",1,4338642,99.99626625217456
2106,Vital Vegan,1,4338643,99.99628930000064
2107,Ranger Potato,1,4338644,99.99631234782673
2108,Mediterraner Burger,1,4338645,99.9963353956528
2109,Los Angeles Teriyaki Burger,1,4338646,99.9963584434789
2110,Crispy Seelachs Burger,1,4338647,99.99638149130497
2111,"  Reis-Spinat­puffer (a)       2,40 € / 3,75 €  ",1,4338648,99.99640453913105
2112,Chicken Fingers Burger,1,4338649,99.99642758695715
2113,Reis (Beilage),1,4338650,99.99645063478323
2114,WOK- Gericht,1,4338651,99.9964736826093
2115,Tagesmenüs,1,4338652,99.9964967304354
2116,Ukraine,1,4338653,99.99651977826147
2117,Grillmenü 3,1,4338654,99.99654282608755
2118,Grillmenü 4,1,4338655,99.99656587391364
2119,In der Mensa Fraunhofer Campus,1,4338656,99.99658892173973
2120,Eintopf vegetarisch.,1,4338657,99.9966119695658
2121,Tagesangebot - solange drer Vorrat reicht,1,4338658,99.9966350173919
2122,Tagesangebot  Solange der Vorrat reicht,1,4338659,99.99665806521797
2123,Tagesangebot-solange der Vorrat reicht,1,4338660,99.99668111304405
2124,Menü 2 „aktion fisch und mee(h)r“,1,4338661,99.99670416087014
2125,Nudelbar - 11:00 - 14:00 Uhr,1,4338662,99.99672720869623
2126,"ZEITREISE 25 Jahre Studentenwerke, damals gab´s",1,4338663,99.9967502565223
2127,letzter Tag am Grill,1,4338664,99.99677330434838
2128,Nudelbar von 11.00 bis 14.00 Uhr,1,4338665,99.99679635217447
2129,Pasta nach Gewicht (Preis pro 100 g)    ,1,4338666,99.99681940000056
2130,Tagesangebot - solange der Vorrat reicht,1,4338667,99.99684244782664
2131,Nudeltheke von 11.00 bis 14.00 Uhr,1,4338668,99.99686549565271
2132,MEER 1,1,4338669,99.9968885434788
2133,Menü 1-VEGAN,1,4338670,99.99691159130488
2134,Eröffnung der Fußball-WM in Brasilien,1,4338671,99.99693463913097
2135,Essen D,1,4338672,99.99695768695706
2136,EM Aktion Frankreich,1,4338673,99.99698073478314
2137,Ausgabe 2 crazy friesday - canadian streetfood,1,4338674,99.99700378260921
2138,Schülermenü vegetarisch,1,4338675,99.9970268304353
2139,Ausgabe an der kleinen Pastatheke,1,4338676,99.99704987826138
2140,Angebot für Schülergruppe,1,4338677,99.99707292608745
2141,Foodhopper ab circa 15:00 Uhr auf dem Campusgelände,1,4338678,99.99709597391356
2142,Für Schülergruppe,1,4338679,99.99711902173964
2143,Menü 1 Aktionswoche,1,4338680,99.99714206956571
2144,Tagesaktion 5,1,4338681,99.9971651173918
2145,Vegetarisch TG 4,1,4338682,99.99718816521788
2146,Biogericht 9,1,4338683,99.99721121304397
2147,Angebot Welt Vegan Tag,1,4338684,99.99723426087004
2148,"Hausgemachter Kuchen, heute",1,4338685,99.99725730869613
2149,vegan 2,1,4338686,99.99728035652221
2150,Aktion Salat,1,4338687,99.99730340434829
2151,Suppen zu Bursepreisen,1,4338688,99.99732645217438
2152,Kompletttmenü,1,4338689,99.99734950000047
2153,Menü 2..,1,4338690,99.99737254782654
2154,Tag der offenen Tür,1,4338691,99.99739559565263
2155,Angebot 3 a,1,4338692,99.99741864347871
2156,Menü 1.,1,4338693,99.99744169130479
2157,Unser Angebot zum Weltvegantag,1,4338694,99.99746473913088
2158,Vege- tarisch,1,4338695,99.99748778695697
2159,EM Aktion England,1,4338696,99.99751083478304
2160,Burritos,1,4338697,99.99753388260912
2161,EM Aktion Portugal,1,4338698,99.99755693043521
2162,Big Chicago-Cheese Burger Black Pearl,1,4338699,99.99757997826129
2163,Honey-Mustard glazed Ribs Magere,1,4338700,99.99760302608738
2164,Pasta 3,1,4338701,99.99762607391347
2165,Classic S,1,4338702,99.99764912173954
2166,Moussaka,1,4338703,99.99767216956562
2167,Aphrodite Teller,1,4338704,99.99769521739171
2168,Welt-Vegan-Tag Shogok,1,4338705,99.99771826521778
2169,Mediterran Burger,1,4338706,99.99774131304387
2170,Buffet vegetarisch/vegan,1,4338707,99.99776436086995
2171,"Fischplatte nach ""Sicilia Art""",1,4338708,99.99778740869604
2172,Griechischer Grillteller,1,4338709,99.99781045652212
2173,Cotoletta di pollo aromatzzatio,1,4338710,99.9978335043482
2174,Das kroatische Nationalgericht,1,4338711,99.9978565521743
2175,Rakottkrumpli,1,4338712,99.99787960000037
2176,xGrilltheke,1,4338713,99.99790264782645
2177,Burrito,1,4338714,99.99792569565254
2178,Aktionsessen / Tagespreis,1,4338715,99.99794874347862
2179,Nordirland,1,4338716,99.99797179130469
2180,Grillmenü 1,1,4338717,99.99799483913078
2181,Draculas Augen,1,4338718,99.99801788695687
2182,Snack,1,4338719,99.99804093478295
2183,Tellergericht 9,1,4338720,99.99806398260903
2184,"An der Ausgabe ""fertig 1""",1,4338721,99.99808703043512
2185,Land Spanien,1,4338722,99.99811007826119
2186,Speisenangebot4,1,4338723,99.99813312608728
2187,"Dessert 0,95",1,4338724,99.99815617391337
2188,Unsere Azubis haben für Sie gekocht,1,4338725,99.99817922173945
2189,Andebot 2,1,4338726,99.99820226956552
2190,Unsere Azubis haben gekocht,1,4338727,99.99822531739161
2191,"An der Ausgabe ""WOK""",1,4338728,99.9982483652177
2192,Hinweis 1,1,4338729,99.99827141304378
2193,Land Niederlande,1,4338730,99.99829446086986
2194,Land Chile,1,4338731,99.99831750869595
2195,Chigago-Bacon-Cheese Burger,1,4338732,99.99834055652202
2196,Seelachs Burger,1,4338733,99.9983636043481
2197,Land Frankreich,1,4338734,99.9983866521742
2198,Highlight der Woche - Von unserer Landfleischerei,1,4338735,99.99840970000028
2199,Highlight der Woche Hamurger,1,4338736,99.99843274782636
2200,Land Argentinien,1,4338737,99.99845579565245
2201,Land Ghana,1,4338738,99.99847884347852
2202,Land Schweiz,1,4338739,99.9985018913046
2203,Land Portugal,1,4338740,99.99852493913069
2204,Baggerschaufel,1,4338741,99.99854798695678
2205,Mittagsangebot1,1,4338742,99.99857103478286
2206,Land Deutschland,1,4338743,99.99859408260893
2207,Unser Angebot zur Fußball-EM,1,4338744,99.99861713043502
2208,Unser Angebot zum Halbfinale der Fußball-EM,1,4338745,99.99864017826111
2209,Land Kamerun,1,4338746,99.99866322608719
2210,Fisch & Chips,1,4338747,99.99868627391328
2211,Maurer-Dekoltee,1,4338748,99.99870932173936
2212,Land Kroatien,1,4338749,99.99873236956543
2213,Mörtelkelle,1,4338750,99.99875541739152
2214,Azubikochtag,1,4338751,99.99877846521761
2215,Rüttelplatte,1,4338752,99.99880151304369
2216,Baubude,1,4338753,99.99882456086976
2217,Senfpeitsche,1,4338754,99.99884760869585
2218,Förderband,1,4338755,99.99887065652193
2219,Schuttrutsche,1,4338756,99.998893704348
2220,Betonmischer,1,4338757,99.99891675217411
2221,Speisenangebot1,1,4338758,99.99893980000019
2222,Cheeseburger,1,4338759,99.99896284782626
2223,Nudelhteke,1,4338760,99.99898589565235
2224,Griechenland,1,4338761,99.99900894347843
2225,"Bayerisch-Schwäbisch Beilagen 0,75",1,4338762,99.99903199130452
2226,Ausgabe 1 Mensaessen To-Go der Ausgabe 1,1,4338763,99.9990550391306
2227,Ausgabe Wok,1,4338764,99.99907808695669
2228,Ausgabe 2 Weihnachtsessen Fleischlose Alternative,1,4338765,99.99910113478276
2229,Ausgabe 2 Weihnachtsessen,1,4338766,99.99912418260884
2230,Getränke in der Mensa,1,4338767,99.99914723043493
2231,Mensa  Asia,1,4338768,99.99917027826102
2232,Durch Deutschland Regionen-Heute,1,4338769,99.9991933260871
2233,Heißgetränke,1,4338770,99.99921637391319
2234,Ausgabe 1 Mensaessen To-Go der Ausgabe 1 Fleischlose Alternative,1,4338771,99.99923942173926
2235,Querbeet 1,1,4338772,99.99926246956534
2236,Angebot in der Mensa,1,4338773,99.99928551739143
2237,Meisterwerk Aktion,1,4338774,99.99930856521752
2238,Ausgabe 1 Mensaessen To-Go an der Ausgabe1 Fleischlose Alternative,1,4338775,99.9993316130436
2239,Ausgabe 1 Mensaessen To-Go an der Ausgabe1,1,4338776,99.99935466086967
2240,Wok/grill,1,4338777,99.99937770869576
2241,Feiertag,1,4338778,99.99940075652184
2242,Menü Iii,1,4338779,99.99942380434793
2243,Menü Ii Vegetaria**,1,4338780,99.99944685217402
2244,Vegetarisch Ausgabe am menü 1,1,4338781,99.9994699000001
2245,Ausgabe Grill,1,4338782,99.99949294782617
2246,Cafeteria Angebot von 11:00 14:30 Uhr:,1,4338783,99.99951599565226
2247,Grill auf der Terrasse,1,4338784,99.99953904347834
2248,zzzWOK-Pfanne,1,4338785,99.99956209130443
2249,Niederlande,1,4338786,99.9995851391305
2250,Vegan 3,1,4338787,99.99960818695659
2251,Terrasse Angebot 1,1,4338788,99.99963123478267
2252,Terrasse Angebot 2,1,4338789,99.99965428260876
2253,Vegetarirches Gericht NEU,1,4338790,99.99967733043485
2254,Terrasse Angebot 3,1,4338791,99.99970037826093
2255,zzzSchneller Teller,1,4338792,99.999723426087
2256,zzzVeganes GerichtPremium,1,4338793,99.99974647391309
2257,zzzWOK-Pfanne Premium,1,4338794,99.99976952173917
2258,Nachmittagsangebot,1,4338795,99.99979256956524
2259,Terrasse Angebot 4,1,4338796,99.99981561739133
2260,Ausgabe 2 American BBQ Fleischlose Alternative,1,4338797,99.99983866521742
2261,Ausgabe 2 American BBQ,1,4338798,99.9998617130435
2262,Heute im Foodhopper!!,1,4338799,99.99988476086958
2263,Polen,1,4338800,99.99990780869567
2264,Nudeltheke  -  Nur in Griebnitzsee,1,4338801,99.99993085652174
2265,Mensa / Bohne,1,4338802,99.99995390434783
2266,Vegan 4,1,4338803,99.99997695217392
2267,X-Mas Burger,1,4338804,100.0
